Td	ID	  	Tj	Df	Dd	Db
7	2007	2	0	5	5
8	8		4	0	4	4
11	10		4	1	6	7
13	5		2	0	11	11
15	2008	2	0	13	13
16	4		2	2	12	14
17	3		2	0	15	15
17	2		2	0	15	15
18	2019	6	0	12	12
18	1		2	0	16	16
19	7		4	0	15	15
20	2024	7	0	13	13
20	18		15	0	5	5
20	9		4	0	16	16
21	6		4	0	17	17
22	2021	7	0	15	15
22	2016	6	0	16	16
24	2033	14	1	9	10
24	40		24	0	0	0
25	2022	7	0	18	18
25	37		24	1	0	1
25	22		17	0	8	8
26	2005	2	0	24	24
30	2034	14	1	15	16
30	2038	19	0	11	11
31	2036	19	0	12	12
32	2047	23	1	8	9
34	20		15	0	19	19
35	2003	1	1	33	34
35	2045	23	0	12	12
35	55		30	0	5	5
36	34		22	0	14	14
36	31		22	0	14	14
37	56		37	0	0	0
39	2053	29	0	10	10
39	2055	30	0	9	9
40	2012	3	1	36	37
40	38		24	0	16	16
41	2013	3	1	37	38
41	2061	31	0	10	10
41	17		15	1	25	26
41	16		15	0	26	26
41	54		30	0	11	11
41	53		30	1	10	11
42	60		37	0	5	5
42	52		30	6	6	12
43	2009	2	0	41	41
45	12		14	0	31	31
46	63		42	0	4	4
46	14		14	0	32	32
46	13		14	0	32	32
46	19		15	1	30	31
47	64		42	0	5	5
47	26		20	1	26	27
49	2002	1	1	47	48
49	11		14	0	35	35
54	2017	6	3	45	48
54	24		17	1	36	37
54	25		17	2	35	37
56	77		52	0	4	4
57	2014	3	1	53	54
57	2000	1	1	55	56
57	15		14	0	43	43
58	29		20	1	37	38
58	35		22	2	34	36
61	2071	40	0	21	21
62	2093	52	0	10	10
62	27		20	1	41	42
63	2094	52	0	11	11
63	30		20	1	42	43
63	33		22	2	39	41
64	84		56	0	8	8
64	21		17	1	46	47
64	86		61	0	3	3
66	2010	3	1	62	63
66	88		61	0	5	5
67	2089	48	4	15	19
68	90		61	0	7	7
68	48		27	4	37	41
69	2090	52	2	15	17
69	28		20	1	48	49
70	2095	54	2	14	16
70	36		24	3	43	46
72	23		17	1	54	55
72	45		25	4	43	47
73	2105	62	1	10	11
74	2020	7	3	64	67
74	2100	56	5	13	18
74	2077	44	0	30	30
75	2025	13	4	58	62
76	2115	65	1	10	11
76	2120	69	0	7	7
77	2109	62	0	15	15
77	2111	63	1	13	14
77	101		69	0	8	8
79	2131	72	0	7	7
79	44		25	4	50	54
79	108		72	0	7	7
80	2129	70	0	10	10
80	2127	70	2	8	10
80	2122	69	0	11	11
80	61		42	3	35	38
81	2130	72	0	9	9
81	2134	72	0	9	9
81	109		72	0	9	9
81	58		37	5	39	44
82	2124	69	1	12	13
82	2128	70	0	12	12
82	47		27	4	51	55
85	2015	6	3	76	79
85	2082	46	0	39	39
87	2140	76	1	10	11
87	2132	72	0	15	15
87	124		78	0	9	9
87	127		80	0	7	7
88	2011	3	1	84	85
88	2142	76	0	12	12
89	2146	80	1	8	9
89	65		42	3	44	47
89	62		42	3	44	47
90	2152	81	0	9	9
91	2137	74	4	13	17
91	2164	83	0	8	8
91	59		37	5	49	54
92	2145	80	0	12	12
92	2144	76	0	16	16
92	46		27	4	61	65
94	2031	14	3	77	80
94	2165	86	1	7	8
94	2155	82	0	12	12
94	2163	83	0	11	11
95	2167	86	0	9	9
96	150		88	8	0	8
96	135		82	5	9	14
96	141		87	1	8	9
96	50		27	4	65	69
96	165		91	0	5	5
97	2161	83	0	14	14
98	2172	90	0	8	8
98	175		93	0	5	5
99	39		24	3	72	75
99	32		22	2	75	77
99	149		88	0	11	11
102	2018	6	3	93	96
102	168		92	1	9	10
102	173		93	3	6	9
102	162		91	6	5	11
102	126		80	0	22	22
103	2040	20	4	79	83
103	145		87	0	16	16
104	2183	93	0	11	11
104	51		30	6	68	74
106	2023	7	5	94	99
106	2181	93	0	13	13
106	2184	93	0	13	13
106	153		89	8	9	17
106	122		78	0	28	28
109	2027	13	4	92	96
110	2185	96	0	14	14
110	179		103	0	7	7
110	117		74	0	36	36
111	2189	96	0	15	15
111	184		106	0	5	5
111	187		107	0	4	4
111	186		107	0	4	4
112	2193	98	0	14	14
112	66		47	3	62	65
113	2187	96	0	17	17
113	76		52	4	57	61
114	2194	98	0	16	16
115	198		112	0	3	3
116	42		25	3	88	91
117	2201	103	1	13	14
117	200		112	0	5	5
117	112		73	0	44	44
118	160		90	13	15	28
119	2209	107	0	12	12
119	204		113	0	6	6
119	207		116	0	3	3
119	103		69	0	50	50
120	2041	20	4	96	100
120	2212	109	0	11	11
121	138		83	19	19	38
121	102		69	0	52	52
121	99		66	0	55	55
122	2026	13	4	105	109
122	57		37	5	80	85
123	2204	103	0	20	20
125	2208	107	0	18	18
125	2219	113	1	11	12
125	2218	113	0	12	12
125	183		106	3	16	19
126	2028	13	4	109	113
126	216		123	0	3	3
127	209		116	2	9	11
128	2223	115	0	13	13
128	83		56	4	68	72
128	215		122	0	6	6
129	219		123	0	6	6
130	2215	113	0	17	17
131	2213	109	0	22	22
131	111		73	1	57	58
131	78		52	5	74	79
132	2214	109	0	23	23
132	2230	121	0	11	11
132	227		127	0	5	5
133	2032	14	4	115	119
134	41		25	3	106	109
134	71		49	4	81	85
134	73		49	5	80	85
135	2216	113	2	20	22
137	2035	19	4	114	118
137	2240	123	0	14	14
137	235		132	0	5	5
138	2042	20	4	114	118
138	2224	115	0	23	23
138	236		134	0	4	4
139	2059	30	5	104	109
139	233		132	0	7	7
140	232		132	0	8	8
142	2228	117	0	25	25
143	2060	31	5	107	112
145	2232	121	0	24	24
145	2253	125	0	20	20
145	2260	132	0	13	13
146	2062	31	5	110	115
146	2222	115	0	31	31
146	2264	132	0	14	14
147	2210	109	2	36	38
147	2227	117	0	30	30
149	49		27	4	118	122
150	2234	121	4	25	29
150	241		142	0	8	8
152	2239	122	0	30	30
152	2171	90	0	62	62
152	2203	103	0	49	49
152	251		146	0	6	6
154	2262	132	0	22	22
154	2197	100	0	54	54
155	2199	100	0	55	55
156	2225	117	1	38	39
156	2248	124	5	27	32
156	2166	86	0	70	70
157	2247	124	3	30	33
157	2235	122	0	35	35
157	2180	93	0	64	64
157	2153	81	0	76	76
158	2177	92	0	66	66
158	267		154	0	4	4
158	253		146	0	12	12
159	2054	29	5	125	130
159	262		150	0	9	9
160	2058	30	5	125	130
160	2044	20	5	135	140
160	270		154	0	6	6
161	258		149	0	12	12
162	2250	125	4	33	37
164	280		161	0	3	3
164	278		161	0	3	3
165	2269	134	0	31	31
165	2271	142	6	17	23
167	283		164	0	3	3
170	67		47	3	120	123
170	85		56	5	109	114
171	70		47	4	120	124
173	2067	32	6	135	141
173	2261	132	2	39	41
174	2233	121	0	53	53
174	2258	131	1	42	43
175	94		63	6	106	112
176	2274	142	4	30	34
176	2252	125	1	50	51
176	43		25	3	148	151
176	292		173	0	3	3
177	72		49	4	124	128
177	74		49	5	123	128
179	2285	161	0	18	18
179	107		72	8	99	107
179	298		177	0	2	2
180	2049	23	4	153	157
181	2043	20	5	156	161
183	2272	142	10	31	41
184	2091	52	7	125	132
184	2092	52	7	125	132
187	2246	124	5	58	63
188	2280	157	0	31	31
188	319		185	0	3	3
189	2064	31	7	151	158
189	2290	163	10	16	26
190	2302	166	8	16	24
190	2257	131	5	54	59
190	2303	166	0	24	24
191	2308	168	5	18	23
191	2291	163	0	28	28
191	2294	163	12	16	28
191	2281	157	1	33	34
191	2305	168	17	6	23
191	87		61	5	125	130
192	323		186	0	6	6
193	89		61	5	127	132
193	316		185	5	3	8
193	306		183	1	9	10
194	2301	166	8	20	28
194	335		189	0	5	5
194	309		183	0	11	11
196	317		185	0	11	11
196	79		52	5	139	144
197	2318	179	4	14	18
197	339		191	2	4	6
198	2068	32	7	159	166
198	2310	176	1	21	22
198	123		78	7	113	120
198	121		78	7	113	120
198	105		69	9	120	129
199	92		63	6	130	136
199	91		63	6	130	136
201	357		197	0	4	4
203	2335	188	1	14	15
203	2306	168	17	18	35
203	330		187	9	7	16
204	2343	191	0	13	13
205	2087	48	8	149	157
205	2352	195	0	10	10
205	2341	191	1	13	14
206	2347	192	0	14	14
208	2057	30	4	174	178
208	362		199	0	9	9
209	2135	74	16	119	135
209	2350	195	0	14	14
209	332		189	7	13	20
210	2078	44	8	158	166
210	2364	199	0	11	11
210	2354	195	0	15	15
210	380		206	0	4	4
211	2349	192	0	19	19
212	326		187	9	16	25
212	376		206	0	6	6
213	2365	207	0	6	6
215	2368	207	0	8	8
215	358		197	6	12	18
215	371		204	0	11	11
216	343		192	21	3	24
216	386		213	0	3	3
217	2107	62	14	141	155
217	120		74	8	135	143
217	374		204	0	13	13
219	82		56	4	159	163
220	2084	46	7	167	174
221	2096	54	9	158	167
222	399		219	0	3	3
223	2098	54	11	158	169
227	2373	213	0	14	14
227	400		219	0	8	8
227	397		219	0	8	8
227	125		78	7	142	149
228	80		52	5	171	176
230	2048	23	4	203	207
231	2070	40	7	184	191
231	2085	48	7	176	183
233	416		231	0	2	2
234	110		72	8	154	162
234	156		90	14	130	144
236	424		234	0	2	2
237	2123	69	17	151	168
238	2103	56	13	169	182
240	2074	40	8	192	200
241	2133	72	16	153	169
245	2139	74	16	155	171
245	440		242	0	3	3
245	438		242	0	3	3
249	444		247	0	2	2
250	2370	213	0	37	37
252	2108	62	14	176	190
252	2383	217	2	33	35
253	2376	216	0	37	37
254	2112	63	14	177	191
254	2083	46	7	201	208
254	2411	245	2	7	9
254	441		247	0	7	7
254	136		83	11	160	171
255	2065	32	6	217	223
255	139		83	12	160	172
255	447		249	0	6	6
256	452		252	0	4	4
256	455		252	0	4	4
256	448		249	0	7	7
257	2119	65	15	177	192
258	2097	54	11	193	204
259	68		47	3	209	212
259	439		242	17	0	17
260	2380	217	0	43	43
260	456		257	0	3	3
261	104		69	8	184	192
261	457		257	0	4	4
262	2375	216	0	46	46
262	2406	235	12	15	27
264	2401	231	0	33	33
264	2422	247	0	17	17
264	462		259	0	5	5
265	2379	216	0	49	49
267	2386	221	0	46	46
267	93		63	6	198	204
267	466		263	0	4	4
267	470		263	0	4	4
268	2101	56	12	200	212
269	2121	69	17	183	200
269	2410	245	0	24	24
270	2408	235	0	35	35
270	2435	252	0	18	18
270	2436	252	0	18	18
271	472		267	0	4	4
272	2431	250	0	22	22
272	129		80	8	184	192
273	2405	235	0	38	38
273	2419	246	1	26	27
274	2387	221	0	53	53
274	2423	247	0	27	27
276	114		73	8	195	203
277	471		267	0	10	10
278	161		91	15	172	187
280	2143	76	15	189	204
284	133		82	9	193	202
286	2385	221	5	60	65
286	483		283	0	3	3
287	482		283	0	4	4
288	2424	247	14	27	41
289	2421	247	7	35	42
289	2394	229	3	57	60
289	489		284	0	5	5
289	96		66	7	216	223
289	493		286	0	3	3
290	2113	63	14	213	227
290	2377	216	0	74	74
291	2147	80	14	197	211
291	2440	263	3	25	28
291	481		283	0	8	8
292	2117	65	15	212	227
292	2432	250	4	38	42
293	2118	65	15	213	228
293	2392	229	2	62	64
293	2413	245	0	48	48
295	2158	82	15	198	213
295	2399	230	2	63	65
295	2403	231	2	62	64
296	510		292	0	4	4
297	2426	249	6	42	48
297	507		292	0	5	5
298	2471	285	2	11	13
298	2390	229	5	64	69
298	2476	286	0	12	12
299	2475	286	0	13	13
300	2420	247	7	46	53
300	2451	276	7	17	24
300	2484	290	0	10	10
300	197		112	17	171	188
301	2086	48	7	246	253
301	2456	279	9	13	22
302	2459	279	10	13	23
302	2463	280	3	19	22
303	2429	249	1	53	54
304	2229	117	18	169	187
304	511		294	0	10	10
305	2468	283	3	19	22
305	2477	286	5	14	19
306	2457	279	8	19	27
307	2104	56	13	238	251
307	2088	48	8	251	259
307	2465	283	0	24	24
307	516		298	0	9	9
308	2479	286	1	21	22
311	2170	90	14	207	221
312	2136	74	16	222	238
312	2485	295	2	15	17
312	514		294	0	18	18
313	2482	290	5	18	23
313	2481	290	0	23	23
314	2466	283	2	29	31
315	2486	295	0	20	20
316	2141	76	15	225	240
318	2205	107	16	195	211
318	2490	307	0	11	11
318	130		80	8	230	238
320	2498	310	3	7	10
320	2503	311	2	7	9
321	2470	285	0	36	36
321	154		89	14	218	232
321	537		316	0	5	5
322	533		313	0	9	9
322	540		316	0	6	6
322	532		313	0	9	9
324	2106	62	14	248	262
324	2502	311	0	13	13
324	2501	311	0	13	13
324	2493	307	0	17	17
325	2496	310	0	15	15
325	2504	311	0	14	14
325	2497	310	0	15	15
325	2495	310	3	12	15
325	157		90	14	221	235
326	2491	307	1	18	19
326	2461	280	3	43	46
326	534		313	0	13	13
327	2110	63	14	250	264
327	2509	316	0	11	11
329	2149	80	15	234	249
329	2116	65	15	249	264
329	2510	319	0	10	10
329	526		309	0	20	20
329	522		299	0	30	30
329	555		326	0	3	3
330	539		316	0	14	14
331	2099	54	11	266	277
331	2527	325	1	5	6
332	2512	319	1	12	13
333	2191	98	16	219	235
333	2263	132	20	181	201
333	2526	325	0	8	8
334	2530	327	0	7	7
335	2522	324	0	11	11
335	132		82	9	244	253
337	2069	32	7	298	305
337	549		323	0	14	14
338	2529	325	0	13	13
339	2195	100	15	224	239
339	2196	100	16	223	239
339	561		335	0	4	4
339	508		292	5	42	47
340	2198	100	16	224	240
340	2169	86	14	240	254
340	134		82	10	248	258
341	2102	56	12	273	285
341	571		339	0	2	2
342	2554	335	0	7	7
342	2545	331	0	11	11
343	554		326	7	10	17
343	531		313	1	29	30
343	579		341	0	2	2
344	2542	330	1	13	14
344	543		322	10	12	22
344	560		331	0	13	13
344	498		289	0	55	55
345	2125	70	17	258	275
345	583		342	0	3	3
346	2561	338	0	8	8
347	2551	335	1	11	12
347	2564	338	0	9	9
349	2173	90	14	245	259
349	2174	90	15	244	259
349	2547	331	0	18	18
349	503		291	0	58	58
351	588		345	0	6	6
352	551		326	18	8	26
352	81		56	4	292	296
352	98		66	8	278	286
354	2580	343	1	10	11
354	567		337	7	10	17
355	2557	337	2	16	18
355	2570	341	0	14	14
355	513		294	61	0	61
357	2244	123	20	214	234
359	2571	341	1	17	18
359	584		342	5	12	17
361	2577	342	1	18	19
361	2591	348	0	13	13
361	586		345	3	13	16
361	566		337	8	16	24
362	2568	340	0	22	22
363	2589	347	0	16	16
363	600		359	0	4	4
363	596		359	0	4	4
363	601		360	0	3	3
364	2254	125	20	219	239
364	2179	92	15	257	272
364	575		339	13	12	25
366	581		342	13	11	24
366	143		87	13	266	279
367	2566	340	2	25	27
369	2081	46	7	316	323
369	612		367	0	2	2
370	613		367	0	3	3
371	128		80	8	283	291
372	75		49	5	318	323
372	106		72	8	292	300
374	2186	96	15	263	278
374	2188	96	16	262	278
378	2160	83	15	280	295
378	113		73	8	297	305
379	2162	83	15	281	296
379	617		376	0	3	3
380	618		376	0	4	4
380	185		106	15	259	274
382	213		122	18	242	260
384	2268	134	21	229	250
384	2168	86	14	284	298
384	2226	117	17	250	267
385	2282	157	20	208	228
387	625		384	0	3	3
389	166		92	16	281	297
390	631		388	0	2	2
391	623		384	2	5	7
392	634		388	0	4	4
392	633		388	0	4	4
393	2126	70	17	306	323
393	2200	103	16	274	290
395	639		391	0	4	4
397	116		74	8	315	323
397	193		110	15	272	287
401	2634	365	3	33	36
406	2206	107	16	283	299
406	641		401	0	5	5
407	2673	386	2	19	21
407	196		112	16	279	295
408	2619	358	1	49	50
410	2639	368	1	41	42
411	69		47	4	360	364
411	2616	358	1	52	53
411	2670	386	2	23	25
411	2687	402	0	9	9
411	478		278	133	0	133
413	2692	405	0	8	8
414	2609	355	0	59	59
415	651		407	0	8	8
418	2182	93	15	310	325
418	660		410	0	8	8
419	206		116	17	286	303
420	239		134	19	267	286
424	2629	361	4	59	63
425	2623	360	0	65	65
426	2630	365	1	60	61
427	2148	80	15	332	347
428	666		424	0	4	4
429	115		73	8	348	356
429	158		90	14	325	339
430	181		106	15	309	324
430	661		422	0	8	8
432	350		195	237	0	237
433	2192	98	16	319	335
434	2220	115	17	302	319
438	2676	392	0	46	46
440	2683	395	14	31	45
440	2696	409	0	31	31
442	2656	376	1	65	66
442	676		439	0	3	3
443	2283	157	20	266	286
443	2284	157	21	265	286
444	2595	350	8	86	94
444	170		92	17	335	352
445	2650	374	3	68	71
445	671		438	0	7	7
446	683		442	0	4	4
447	285		164	22	261	283
449	191		110	15	324	339
452	2596	350	0	102	102
452	2655	376	0	76	76
453	2236	122	19	312	331
453	118		74	8	371	379
454	2659	376	2	76	78
455	2237	122	19	314	333
456	2614	357	0	99	99
458	2719	417	5	36	41
458	2689	402	8	48	56
458	2672	386	1	71	72
459	2642	369	0	90	90
459	2720	418	7	34	41
460	2241	123	19	318	337
460	2700	412	1	47	48
460	2598	350	0	110	110
460	2754	447	5	8	13
460	255		146	23	291	314
461	690		452	0	9	9
461	137		83	11	367	378
462	2755	450	2	10	12
462	697		455	7	0	7
463	2603	354	2	107	109
463	704		456	0	7	7
464	2652	374	3	87	90
464	696		455	0	9	9
466	334		189	277	0	277
467	2175	92	15	360	375
467	2245	124	20	323	343
469	707		459	0	10	10
470	2249	124	20	326	346
470	703		456	0	14	14
472	234		132	17	323	340
472	686		452	0	20	20
472	688		452	0	20	20
473	2671	386	7	80	87
473	2749	446	9	18	27
475	2751	447	5	23	28
475	2663	382	3	90	93
476	2178	92	15	369	384
476	2668	385	5	86	91
476	2748	446	9	21	30
476	95		63	6	407	413
476	142		87	13	376	389
477	2711	416	10	51	61
479	2746	446	9	24	33
479	720		473	0	6	6
480	2721	418	21	41	62
481	2211	109	17	355	372
481	2722	418	0	63	63
481	2775	469	4	8	12
481	730		477	0	4	4
482	721		475	0	7	7
483	2734	440	0	43	43
483	718		473	0	10	10
484	178		103	16	365	381
484	733		479	0	5	5
485	2691	405	10	70	80
485	2783	474	0	11	11
485	155		89	14	382	396
486	2759	450	3	33	36
487	2747	446	15	26	41
487	2733	440	0	47	47
488	2150	81	14	393	407
488	2716	417	0	71	71
488	732		479	0	9	9
489	159		90	15	384	399
490	182		106	15	369	384
491	2730	440	14	37	51
491	2635	368	2	121	123
492	2157	82	15	395	410
492	2713	416	0	76	76
492	740		484	0	8	8
492	742		485	1	6	7
492	764		490	0	2	2
494	2718	417	27	50	77
494	760		489	0	5	5
495	2761	456	9	30	39
495	2768	458	1	36	37
496	2762	456	0	40	40
496	2782	474	2	20	22
496	2725	436	19	41	60
496	2795	483	0	13	13
496	131		82	9	405	414
496	746		487	0	9	9
497	2766	458	1	38	39
498	2772	461	3	34	37
498	2784	474	0	24	24
499	2705	415	0	84	84
499	2714	416	0	83	83
500	2265	134	20	346	366
500	2649	373	7	120	127
501	2744	445	15	41	56
501	768		494	0	7	7
503	772		495	0	8	8
503	781		498	0	5	5
504	2750	447	8	49	57
504	2812	494	0	10	10
505	2740	445	16	44	60
508	2321	180	25	303	328
508	791		504	1	3	4
509	2324	180	26	303	329
509	281		164	22	323	345
510	2786	476	7	27	34
510	2707	415	0	95	95
510	785		498	0	12	12
512	779		497	0	15	15
512	793		504	0	8	8
512	749		487	0	25	25
513	789		500	2	11	13
513	174		93	16	404	420
513	221		126	17	370	387
514	784		498	3	13	16
515	2756	450	13	52	65
515	2811	494	0	21	21
515	2757	450	8	57	65
516	2796	483	2	31	33
516	2763	456	5	55	60
516	2807	487	0	29	29
517	763		490	1	26	27
518	2329	181	26	311	337
518	2231	121	18	379	397
518	803		515	0	3	3
519	2787	476	1	42	43
519	2703	412	0	107	107
519	774		495	18	6	24
520	2238	122	19	379	398
520	2779	469	2	49	51
520	2792	481	7	32	39
521	2818	499	0	22	22
522	2829	507	0	15	15
522	2828	507	0	15	15
523	230		127	18	378	396
524	2780	474	1	49	50
524	2809	487	0	37	37
524	2835	512	0	12	12
524	2838	512	0	12	12
524	2824	500	0	24	24
524	801		515	0	9	9
525	815		518	0	7	7
525	100		66	8	451	459
525	806		517	0	8	8
525	777		497	0	28	28
526	2816	499	0	27	27
526	2764	456	4	66	70
526	2802	486	2	38	40
526	2836	512	0	14	14
527	2242	123	19	385	404
527	2800	486	2	39	41
527	2701	412	0	115	115
527	745		485	0	42	42
528	202		113	16	399	415
529	818		520	0	9	9
530	2848	519	0	11	11
530	830		525	0	5	5
530	743		485	0	45	45
531	2827	507	1	23	24
531	2826	507	1	23	24
532	2820	500	0	32	32
532	834		526	0	6	6
533	2839	512	0	21	21
533	353		196	28	309	337
534	2334	186	27	321	348
534	2207	107	16	411	427
534	2176	92	15	427	442
534	2814	494	2	38	40
534	736		484	0	50	50
535	2677	392	0	143	143
536	2840	518	6	12	18
536	2854	526	1	9	10
537	2847	519	0	18	18
537	2660	382	6	149	155
538	2669	385	3	150	153
539	2852	526	2	11	13
539	2684	395	0	144	144
540	2851	526	2	12	14
540	811		518	0	22	22
541	2640	369	7	165	172
542	852		537	0	5	5
543	2856	538	0	5	5
544	2857	538	0	6	6
544	851		537	0	7	7
544	820		520	3	21	24
544	827		525	6	13	19
545	2862	539	0	6	6
545	208		116	17	412	429
545	237		134	18	393	411
546	2864	539	0	7	7
548	2868	543	0	5	5
549	767		494	20	35	55
550	2644	369	7	174	181
551	2647	373	3	175	178
551	857		543	1	7	8
552	2858	538	0	14	14
552	2861	539	0	13	13
552	859		543	2	7	9
552	858		543	0	9	9
552	848		535	0	17	17
553	146		88	13	452	465
553	147		88	13	452	465
553	148		88	13	452	465
553	862		547	0	6	6
554	2307	168	23	363	386
554	866		550	0	4	4
554	849		535	0	19	19
556	152		89	14	453	467
556	151		89	14	453	467
560	2151	81	16	463	479
562	2255	131	19	412	431
562	2259	131	19	412	431
562	272		159	22	381	403
563	163		91	15	457	472
563	212		122	18	423	441
564	2190	98	16	450	466
564	164		91	15	458	473
564	188		107	15	442	457
565	312		184	25	356	381
569	876		566	0	3	3
572	2872	552	0	20	20
572	220		123	18	431	449
573	2877	553	0	20	20
573	885		570	0	3	3
574	2311	176	25	373	398
574	2313	176	25	373	398
574	2881	566	0	8	8
574	2876	553	0	21	21
575	2878	553	0	22	22
575	2884	566	0	9	9
577	2889	568	2	7	9
577	889		573	0	4	4
580	2317	179	25	376	401
580	171		93	16	471	487
580	329		187	27	366	393
581	2890	571	0	10	10
581	222		126	17	438	455
582	2902	574	0	8	8
582	2904	574	0	8	8
582	223		126	17	439	456
582	333		189	26	367	393
583	2322	180	26	377	403
583	2900	574	0	9	9
583	2886	568	2	13	15
583	890		573	0	10	10
584	882		570	0	14	14
584	893		577	0	7	7
585	2871	552	0	33	33
585	2903	574	0	11	11
586	119		74	8	504	512
587	2326	181	26	380	406
587	2893	571	0	16	16
587	886		573	0	14	14
587	899		584	0	3	3
588	888		573	1	14	15
588	228		127	17	444	461
593	2270	142	20	431	451
594	2273	142	20	432	452
594	97		66	8	520	528
594	341		192	27	375	402
594	344		192	28	374	402
599	201		113	16	470	486
599	199		112	17	470	487
600	2901	574	0	26	26
600	140		83	12	505	517
601	909		598	0	3	3
602	2332	186	27	389	416
603	289		171	23	409	432
605	907		598	0	7	7
605	203		113	17	475	492
606	2922	592	5	9	14
606	904		597	0	9	9
606	352		196	28	382	410
606	354		196	28	382	410
607	2905	582	1	24	25
607	2914	586	0	21	21
608	2923	592	5	11	16
608	231		132	17	459	476
608	260		149	23	436	459
609	2921	592	8	9	17
609	911		600	0	9	9
609	925		605	0	4	4
610	294		173	24	413	437
610	914		600	0	10	10
611	2929	597	0	14	14
612	2915	587	0	25	25
612	922		605	0	7	7
614	929		607	0	7	7
614	361		199	29	386	415
616	2339	188	29	399	428
617	941		611	0	6	6
617	238		134	19	464	483
621	2931	601	1	19	20
621	369		201	30	390	420
622	299		177	24	421	445
623	2930	601	0	22	22
623	955		621	0	2	2
624	2309	168	23	433	456
624	176		103	15	506	521
624	180		103	16	505	521
625	2345	192	28	405	433
630	305		180	25	425	450
631	2256	131	19	481	500
631	2217	113	18	500	518
631	2355	198	29	404	433
632	962		630	0	2	2
633	214		122	18	493	511
635	313		184	26	425	451
636	217		123	18	495	513
637	2221	115	17	505	522
638	2934	601	1	36	37
638	967		635	0	3	3
638	966		635	0	3	3
641	2275	154	20	467	487
641	2278	154	21	466	487
642	318		185	26	431	457
642	320		185	26	431	457
644	2266	134	20	490	510
644	242		142	20	482	502
645	2267	134	20	491	511
647	2409	235	33	379	412
648	282		164	22	462	484
650	192		110	15	525	540
650	172		93	16	541	557
651	2933	601	0	50	50
653	224		126	17	510	527
654	983		650	0	4	4
655	2925	597	2	56	58
657	2946	618	3	36	39
657	2997	634	1	22	23
657	978		649	0	8	8
658	2202	103	16	539	555
658	2936	610	0	48	48
658	2916	587	1	70	71
659	246		145	22	492	514
659	451		252	43	364	407
660	980		649	0	11	11
660	995		655	0	5	5
660	992		655	2	3	5
662	2327	181	26	455	481
665	2286	161	20	484	504
665	2288	161	21	483	504
675	290		171	24	480	504
677	2243	123	19	535	554
678	961		630	48	0	48
679	2374	213	34	432	466
679	2331	186	27	466	493
683	265		150	23	510	533
683	363		199	29	455	484
685	415		229	37	419	456
687	210		116	18	553	571
688	2251	125	20	543	563
691	2378	216	34	441	475
693	177		103	16	574	590
695	430		235	39	421	460
695	545		322	52	321	373
697	865		547	150	0	150
699	2337	188	29	482	511
701	2304	166	22	513	535
701	273		159	22	520	542
706	218		123	18	565	583
706	381		211	30	465	495
707	383		211	30	466	496
711	2346	192	28	491	519
714	245		142	21	551	572
725	2393	229	33	463	496
727	2395	230	33	464	497
727	226		127	17	583	600
729	247		145	22	562	584
729	249		145	22	562	584
735	2314	176	25	534	559
735	345		192	28	515	543
736	254		146	23	567	590
737	286		171	23	543	566
740	2315	179	25	536	561
741	2319	179	25	537	562
743	351		196	28	519	547
743	257		149	23	571	594
744	2320	180	25	539	564
744	2323	180	26	538	564
747	2447	272	37	438	475
747	2449	272	37	438	475
748	2369	207	34	507	541
750	2325	181	26	543	569
751	263		150	23	578	601
751	264		150	23	578	601
751	469		263	45	443	488
752	2328	181	26	545	571
753	411		229	37	487	524
753	414		229	37	487	524
754	365		199	30	525	555
754	535		313	53	388	441
755	240		134	19	602	621
755	366		201	29	525	554
756	2287	161	21	574	595
756	418		231	38	487	525
756	417		231	38	487	525
758	2418	246	31	481	512
759	796		511	248	0	248
766	433		236	39	491	530
767	434		236	39	492	531
770	271		159	22	589	611
770	275		159	23	588	611
770	307		183	25	562	587
771	2372	213	34	524	558
771	2330	186	27	558	585
771	2427	249	32	490	522
772	2333	186	27	559	586
772	311		184	25	563	588
773	314		184	26	563	589
773	559		331	54	388	442
774	315		184	26	564	590
775	382		211	30	534	564
776	2295	165	21	590	611
776	384		211	30	535	565
777	2297	165	22	590	612
778	490		284	51	443	494
779	2472	285	37	457	494
779	167		92	16	671	687
780	2478	286	36	458	494
780	2298	165	22	593	615
783	388		213	31	539	570
783	492		286	53	444	497
784	284		164	22	598	620
784	389		213	32	539	571
786	328		187	26	573	599
787	2384	217	34	536	570
788	589		345	53	390	443
788	590		345	53	390	443
789	331		189	26	574	600
790	446		249	42	499	541
791	2340	191	27	573	600
791	450		249	43	499	542
792	2342	191	27	574	601
793	2344	191	27	575	602
793	195		110	16	667	683
794	392		217	33	544	577
796	229		127	17	652	669
799	2389	221	35	543	578
800	338		191	27	582	609
800	594		351	52	397	449
801	396		219	34	548	582
802	2351	195	28	579	607
802	342		192	28	582	610
804	2356	198	29	577	606
809	2362	199	30	580	610
811	346		195	28	588	616
812	348		195	28	589	617
813	2276	154	20	639	659
813	205		113	17	683	700
814	2279	154	21	639	660
814	2400	231	34	549	583
814	259		149	23	642	665
816	748		487	329	0	329
817	360		197	29	591	620
819	261		150	23	646	669
820	2316	179	25	616	641
822	410		228	37	557	594
823	364		199	29	595	624
824	475		267	45	512	557
825	2448	272	37	516	553
827	2366	207	34	586	620
828	538		316	52	460	512
829	269		154	23	652	675
830	2450	276	37	517	554
834	303		180	24	630	654
834	302		180	24	630	654
834	431		236	38	560	598
838	476		278	48	512	560
838	477		278	49	511	560
838	378		206	31	601	632
844	485		283	50	511	561
846	565		335	54	457	511
849	2296	165	22	662	684
849	2474	285	37	527	564
849	244		142	20	687	707
849	322		186	26	637	663
851	390		213	32	606	638
852	327		187	26	639	665
855	2382	217	34	604	638
855	501		291	54	510	564
857	225		126	17	714	731
860	394		217	33	610	643
861	454		252	44	565	609
866	2538	328	42	496	538
867	2348	192	28	647	675
869	2388	221	35	613	648
869	2540	330	42	497	539
869	252		146	22	701	723
871	459		257	45	569	614
874	2488	295	37	542	579
875	2489	295	37	543	580
875	2357	198	29	648	677
875	2359	198	30	647	677
876	355		196	28	652	680
877	2360	199	29	649	678
878	293		173	23	682	705
878	356		197	29	652	681
878	359		197	29	652	681
879	2550	335	44	500	544
879	295		173	24	682	706
880	606		361	53	466	519
881	530		309	54	518	572
882	2361	199	30	653	683
882	408		228	36	618	654
882	409		228	37	617	654
884	474		267	45	572	617
886	2398	230	34	622	656
887	368		201	30	656	686
887	370		201	30	656	686
888	268		154	23	711	734
888	300		177	24	687	711
889	747		487	402	0	402
890	2407	235	33	622	655
891	426		235	38	618	656
891	428		235	38	618	656
892	544		322	52	518	570
893	432		236	39	618	657
895	553		326	53	516	569
895	435		236	39	620	659
896	479		278	49	569	618
898	190		107	15	776	791
898	189		107	15	776	791
898	277		161	22	715	737
899	2445	272	36	591	627
901	2499	310	35	556	591
903	385		211	31	661	692
907	2505	316	37	554	591
908	2506	316	37	555	592
908	2507	316	37	555	592
910	2508	316	38	556	594
910	324		186	26	698	724
910	573		339	53	518	571
911	387		213	31	667	698
911	325		186	26	699	725
911	578		341	53	517	570
912	496		289	53	570	623
913	250		145	768	0	768
914	2608	355	48	511	559
914	504		291	55	568	623
914	505		291	55	568	623
915	2460	280	37	598	635
918	2428	249	32	637	669
919	2467	283	37	599	636
919	453		252	43	624	667
920	248		145	22	753	775
921	144		87	834	0	834
921	595		351	53	517	570
927	288		171	23	733	756
927	460		257	45	625	670
927	402		223	34	670	704
928	405		223	34	671	705
929	597		359	52	518	570
931	2516	323	40	568	608
933	2631	365	51	517	568
936	2438	252	36	648	684
937	412		229	37	671	708
938	2439	252	37	649	686
939	367		201	29	709	738
939	419		231	38	670	708
941	266		154	22	765	787
941	296		177	24	740	764
944	372		204	31	709	740
944	429		235	38	671	709
945	375		204	31	710	741
945	550		323	52	570	622
947	304		180	24	743	767
949	211		122	17	810	827
949	274		159	22	768	790
950	279		161	22	767	789
950	276		161	22	767	789
953	635		388	49	516	565
953	630		387	49	517	566
956	486		284	51	621	672
956	677		439	63	454	517
958	169		92	16	850	866
959	243		142	20	797	817
959	572		339	53	567	620
960	494		286	53	621	674
962	2569	340	44	578	622
963	443		247	42	674	716
964	587		345	52	567	619
965	2575	342	45	578	623
965	449		249	42	674	716
967	2492	307	35	625	660
968	393		217	33	718	751
968	395		217	33	718	751
974	649		406	53	515	568
977	2500	311	36	630	666
978	401		223	33	722	755
978	404		223	34	721	755
978	403		223	34	721	755
978	656		410	54	514	568
980	347		195	28	757	785
980	461		259	44	677	721
982	2412	245	31	706	737
982	2414	245	31	706	737
983	2417	246	31	706	737
984	291		173	23	788	811
985	2604	354	48	583	631
986	711		472	66	448	514
987	2293	163	21	803	824
988	527		309	53	626	679
989	407		228	36	725	761
989	406		228	36	725	761
990	2511	319	39	632	671
993	425		234	38	721	759
993	536		316	52	625	677
993	664		422	58	513	571
993	667		424	59	510	569
995	427		235	38	722	760
996	301		180	24	792	816
1001	557		331	54	616	670
1001	558		331	54	616	670
1003	436		242	41	720	761
1003	484		283	50	670	720
1004	437		242	41	721	762
1005	487		284	51	670	721
1006	2525	325	41	640	681
1006	488		284	51	671	722
1006	636		391	47	568	615
1007	680		439	64	504	568
1009	491		286	52	671	723
1009	685		442	64	503	567
1011	500		289	54	668	722
1012	445		247	42	723	765
1013	194		110	16	887	903
1013	506		292	55	666	721
1014	2534	327	42	645	687
1014	2535	328	42	644	686
1015	391		217	32	766	798
1018	2539	328	42	648	690
1018	336		191	27	800	827
1020	593		351	52	617	669
1020	705		456	66	498	564
1021	519		298	54	669	723
1023	2653	374	54	595	649
1023	650		406	53	564	617
1024	2353	195	28	801	829
1024	2549	331	45	648	693
1024	525		299	55	670	725
1026	655		407	54	565	619
1028	463		259	45	724	769
1030	2443	263	35	732	767
1030	598		359	52	619	671
1032	2396	230	33	769	802
1032	603		360	52	620	672
1034	467		263	45	726	771
1035	528		309	54	672	726
1036	413		229	37	770	807
1036	473		267	45	724	769
1039	2567	340	44	655	699
1039	297		177	24	838	862
1042	373		204	31	807	838
1042	547		323	52	667	719
1044	2584	343	46	655	701
1045	377		206	31	808	839
1045	379		206	31	808	839
1045	552		326	53	666	719
1045	480		278	49	718	767
1046	308		183	25	838	863
1046	310		183	25	838	863
1046	769		494	70	482	552
1050	628		387	48	615	663
1050	632		388	48	614	662
1052	2415	246	30	776	806
1052	674		438	62	552	614
1052	673		438	62	552	614
1054	2416	246	31	777	808
1055	2686	402	54	599	653
1055	570		337	54	664	718
1056	576		341	53	662	715
1056	580		341	54	661	715
1057	2605	355	48	654	702
1057	2607	355	48	654	702
1058	2770	461	66	531	597
1058	502		291	54	713	767
1059	2462	280	37	742	779
1059	509		292	55	712	767
1060	2612	357	48	655	703
1060	2514	319	39	702	741
1060	2695	409	58	593	651
1061	643		401	51	609	660
1063	698		455	64	544	608
1063	699		455	64	544	608
1064	398		219	34	811	845
1064	702		456	66	542	608
1064	591		351	52	661	713
1064	824		522	69	473	542
1066	647		406	52	608	660
1066	648		406	53	607	660
1067	2434	250	33	784	817
1068	652		407	54	607	661
1069	287		171	23	875	898
1070	657		410	54	606	660
1070	349		195	28	847	875
1071	599		359	52	660	712
1073	719		473	66	534	600
1073	712		472	66	535	601
1073	949		613	69	391	460
1075	2517	323	40	712	752
1078	737		484	71	523	594
1079	2524	324	41	714	755
1079	2437	252	36	791	827
1079	2723	418	62	599	661
1079	670		424	60	595	655
1080	541		322	51	707	758
1081	548		323	52	706	758
1082	620		376	51	655	706
1083	624		384	49	650	699
1084	556		331	53	700	753
1085	2480	290	36	759	795
1085	629		387	48	650	698
1085	626		387	48	650	698
1085	776		497	70	518	588
1085	782		498	71	516	587
1087	2531	327	42	718	760
1087	564		335	53	699	752
1088	679		439	64	585	649
1089	321		186	26	877	903
1089	569		337	54	698	752
1089	640		391	48	650	698
1091	2533	327	42	722	764
1092	442		247	42	803	845
1093	991		655	69	369	438
1094	512		294	54	746	800
1095	692		454	63	578	641
1096	819		520	69	507	576
1097	592		351	52	694	746
1097	701		456	66	575	641
1097	340		191	27	879	906
1097	821		522	68	507	575
1098	2646	373	54	671	725
1098	520		298	54	746	800
1098	517		298	54	746	800
1099	646		406	52	641	693
1099	833		526	69	504	573
1100	835		526	69	505	574
1101	2487	295	37	769	806
1101	523		299	54	748	802
1102	653		407	54	641	695
1102	654		407	54	641	695
1102	912		600	70	432	502
1103	658		410	54	639	693
1103	920		602	69	432	501
1104	2442	263	35	806	841
1104	843		531	72	501	573
1105	2559	337	44	724	768
1105	464		259	45	801	846
1106	2662	382	55	669	724
1106	2664	382	55	669	724
1106	256		149	22	935	957
1107	2732	440	61	606	667
1110	854		537	72	501	573
1112	609		361	53	698	751
1113	2681	395	55	663	718
1114	2594	348	48	718	766
1114	2599	350	48	716	764
1114	468		263	45	806	851
1117	2606	355	48	714	762
1117	615		367	53	697	750
1118	2464	280	37	801	838
1118	2697	409	58	651	709
1119	2469	283	37	799	836
1119	2622	360	49	710	759
1121	2473	285	37	799	836
1121	669		424	60	637	697
1123	2519	323	40	760	800
1124	2632	365	51	708	759
1124	959		628	68	428	496
1125	2637	368	51	706	757
1125	616		376	51	698	749
1126	2641	369	51	706	757
1126	753		488	71	567	638
1127	2483	290	36	801	837
1127	756		489	71	567	638
1127	964		630	68	429	497
1128	765		490	71	567	638
1131	627		387	48	696	744
1131	877		566	69	496	565
1131	879		566	69	496	565
1133	4004	1103	0	30	30
1133	675		438	62	633	695
1133	787		500	71	562	633
1134	678		439	63	632	695
1134	638		391	48	695	743
1135	2661	382	55	698	753
1136	577		341	53	742	795
1136	684		442	64	630	694
1136	895		577	69	490	559
1137	2665	385	56	696	752
1137	2572	341	44	752	796
1137	797		511	68	558	626
1139	2494	307	35	797	832
1140	2583	343	45	752	797
1140	802		515	67	558	625
1140	986		652	70	418	488
1140	985		650	70	420	490
1141	805		515	67	559	626
1142	2446	272	36	834	870
1142	2585	347	47	748	795
1143	2587	347	48	748	796
1143	644		401	51	691	742
1143	645		401	51	691	742
1145	822		522	68	555	623
1147	2452	276	37	834	871
1147	2454	276	37	834	871
1147	2767	458	65	624	689
1147	901		597	70	480	550
1147	709		459	67	621	688
1148	524		299	55	794	849
1148	521		299	54	795	849
1150	458		257	45	848	893
1151	4000	1103	0	48	48
1153	2706	415	59	679	738
1153	2708	415	60	678	738
1153	4001	1103	0	50	50
1154	2712	416	59	679	738
1157	2794	481	68	608	676
1157	945		611	69	477	546
1157	607		361	53	743	796
1157	943		611	68	478	546
1159	722		475	67	617	684
1160	726		477	69	614	683
1160	724		475	67	618	685
1160	611		367	53	740	793
1161	4005	1104	1	56	57
1161	734		479	70	612	682
1164	423		234	38	892	930
1164	422		234	38	892	930
1166	874		556	69	541	610
1167	2552	335	44	788	832
1167	546		323	51	793	844
1167	744		485	71	611	682
1168	957		628	68	472	540
1169	2817	499	72	598	670
1169	619		376	51	742	793
1169	758		489	71	609	680
1170	762		490	71	609	680
1171	2739	444	60	667	727
1172	2745	446	60	666	726
1172	771		495	70	607	677
1172	773		495	70	607	677
1173	780		497	70	606	676
1174	783		498	71	605	676
1174	883		570	69	535	604
1175	2758	450	64	661	725
1175	563		335	53	787	840
1176	2592	348	48	780	828
1176	887		573	69	534	603
1176	790		500	71	605	676
1177	2597	350	48	779	827
1177	637		391	48	738	786
1178	2760	456	66	656	722
1178	2602	354	48	776	824
1178	495		286	53	839	892
1178	582		342	53	783	836
1178	585		342	53	783	836
1179	2455	279	37	863	900
1179	2458	279	37	863	900
1179	800		511	68	600	668
1180	2698	409	59	712	771
1183	808		517	68	598	666
1183	809		517	68	598	666
1184	2515	323	40	821	861
1184	694		454	64	666	730
1184	813		518	69	597	666
1185	2789	476	67	642	709
1185	2518	323	40	822	862
1185	2521	324	40	821	861
1185	4007	1104	1	80	81
1185	998		659	68	458	526
1186	817		520	69	597	666
1187	2793	481	68	638	706
1187	518		298	54	835	889
1187	823		522	68	597	665
1188	2636	368	51	769	820
1188	831		526	69	593	662
1189	2536	328	42	819	861
1190	2801	486	70	634	704
1191	659		410	54	727	781
1191	915		600	70	521	591
1192	2645	373	54	765	819
1192	844		531	72	589	661
1194	2544	330	44	820	864
1194	2658	376	53	765	818
1194	2548	331	45	818	863
1194	465		259	45	890	935
1196	2727	436	61	699	760
1196	933		608	69	519	588
1197	2397	230	33	934	967
1197	2558	337	44	816	860
1197	938		609	69	519	588
1198	714		472	66	660	726
1198	715		472	66	660	726
1199	529		309	54	836	890
1199	950		613	69	517	586
1200	729		477	69	654	723
1202	2738	444	60	698	758
1202	952		621	68	513	581
1203	2742	445	60	698	758
1203	2582	343	45	815	860
1203	662		422	57	724	781
1203	953		621	68	514	582
1204	2753	447	62	695	757
1204	663		422	58	724	782
1205	738		484	71	650	721
1206	741		485	71	650	721
1206	958		628	68	510	578
1207	2593	348	48	811	859
1207	754		488	71	648	719
1208	965		630	69	509	578
1209	2690	405	56	748	804
1209	761		490	71	648	719
1210	2610	357	48	805	853
1210	4002	1103	0	107	107
1211	4003	1103	0	108	108
1211	969		635	68	508	576
1212	2628	361	52	799	851
1212	2937	610	79	523	602
1212	778		497	70	645	715
1213	2869	543	69	601	670
1213	2785	476	67	670	737
1213	562		335	53	825	878
1213	975		643	69	501	570
1214	2633	365	52	797	849
1214	2724	418	62	734	796
1214	2528	325	42	847	889
1215	574		339	53	823	876
1215	892		577	69	569	638
1216	499		289	53	874	927
1216	497		289	53	874	927
1216	977		649	69	498	567
1217	2958	620	84	513	597
1217	2870	552	68	597	665
1218	2537	328	42	848	890
1220	2546	331	44	845	889
1220	2986	632	88	500	588
1220	689		452	64	704	768
1221	810		517	68	636	704
1221	691		454	63	704	767
1221	693		454	63	704	767
1222	814		518	69	635	704
1222	695		454	64	704	768
1223	826		525	68	630	698
1224	2819	499	72	653	725
1224	902		597	70	557	627
1226	2573	341	45	840	885
1226	2735	444	59	723	782
1226	2578	342	45	839	884
1227	2579	342	45	840	885
1227	2743	445	60	722	782
1227	842		531	72	624	696
1227	845		531	72	624	696
1231	853		537	72	622	694
1232	944		611	69	552	621
1232	608		361	53	818	871
1233	2685	402	54	777	831
1233	2688	402	54	777	831
1233	2769	458	66	709	775
1233	717		473	66	694	760
1235	860		543	72	620	692
1235	856		543	72	620	692
1236	2702	412	58	766	824
1236	2704	412	59	765	824
1236	2433	250	33	953	986
1236	731		479	69	688	757
1236	614		367	53	816	869
1236	864		547	71	618	689
1237	2935	610	79	548	627
1237	867		550	70	617	687
1238	2938	610	81	547	628
1238	2715	417	60	761	821
1239	665		422	58	759	817
1239	421		234	38	967	1005
1239	420		231	38	970	1008
1240	2643	369	51	820	871
1240	873		556	69	615	684
1242	2805	487	70	685	755
1242	622		384	49	809	858
1242	963		630	68	544	612
1242	759		489	71	682	753
1243	775		495	70	678	748
1244	2541	330	44	870	914
1244	4019	1110	5	129	134
1244	794		504	69	671	740
1244	884		570	69	605	674
1245	682		442	64	739	803
1246	2726	436	61	749	810
1246	2729	436	61	749	810
1247	2815	499	71	677	748
1247	2821	500	72	675	747
1247	2897	573	70	604	674
1247	981		650	69	528	597
1247	982		650	69	528	597
1248	2565	340	44	864	908
1248	2737	444	60	744	804
1249	2906	582	70	597	667
1249	804		515	67	667	734
1249	896		584	69	596	665
1250	2752	447	62	741	803
1250	2678	392	55	803	858
1250	2837	512	73	665	738
1250	2913	586	72	592	664
1250	687		452	64	734	798
1251	2586	347	47	857	904
1251	2588	347	48	856	904
1251	807		517	68	666	734
1252	996		659	68	525	593
1253	2774	461	66	726	792
1253	2694	405	56	792	848
1253	997		659	68	526	594
1254	706		459	67	728	795
1255	836		528	69	658	727
1256	2620	360	49	847	896
1256	2624	360	50	846	896
1256	2430	250	33	973	1006
1257	2939	610	81	566	647
1258	2717	417	61	780	841
1258	2523	324	41	893	934
1258	847		535	72	651	723
1259	935		608	69	582	651
1260	2959	620	84	556	640
1260	939		609	69	582	651
1261	2968	625	85	551	636
1262	863		547	71	644	715
1262	727		477	69	716	785
1262	861		547	71	644	715
1263	2654	374	54	835	889
1264	668		424	59	781	840
1264	739		484	71	709	780
1265	751		488	70	707	777
1265	875		556	69	640	709
1266	880		566	70	630	700
1266	968		635	68	563	631
1267	2555	337	44	886	930
1267	972		643	69	555	624
1268	2896	573	70	625	695
1268	2666	385	56	827	883
1268	681		442	63	763	826
1269	2576	342	45	882	927
1269	4023	1111	6	152	158
1269	979		649	69	551	620
1270	2834	508	74	688	762
1270	2675	392	55	823	878
1271	2910	586	72	613	685
1271	900		584	70	617	687
1272	700		455	65	752	817
1272	515		294	54	924	978
1272	999		659	68	545	613
1273	2924	592	74	607	681
1273	832		526	69	678	747
1274	2765	458	65	751	816
1274	2927	597	74	603	677
1274	4010	1109	2	163	165
1274	839		528	70	676	746
1275	2771	461	66	748	814
1276	2778	469	67	740	807
1276	4012	1109	3	164	167
1277	602		360	52	865	917
1277	932		608	69	600	669
1278	2867	543	68	667	735
1278	2710	416	59	803	862
1278	2788	476	67	735	802
1278	605		360	52	866	918
1278	855		537	73	668	741
1278	940		609	69	600	669
1279	2791	481	68	730	798
1280	948		613	69	598	667
1281	2873	552	68	661	729
1281	871		556	68	657	725
1281	542		322	51	908	959
1281	870		550	71	660	731
1281	750		487	71	723	794
1282	2797	483	70	729	799
1282	2798	483	70	729	799
1282	757		489	71	722	793
1283	2803	486	70	727	797
1283	621		384	49	850	899
1283	786		500	71	712	783
1283	878		566	69	648	717
1284	2804	486	70	728	798
1284	2806	487	70	727	797
1284	795		504	69	711	780
1284	568		337	54	893	947
1284	792		504	69	711	780
1284	974		643	69	572	641
1285	2880	566	66	653	719
1285	987		652	70	563	633
1285	988		652	70	563	633
1286	897		584	69	633	702
1286	990		652	70	564	634
1287	337		191	27	1069	1096
1287	816		520	69	698	767
1287	829		525	69	693	762
1288	2728	436	61	791	852
1288	2894	571	69	648	717
1288	2898	573	70	645	715
1289	2574	341	45	903	948
1289	2908	582	70	637	707
1289	906		598	70	621	691
1289	908		598	70	621	691
1290	2679	392	55	843	898
1290	840		528	70	692	762
1290	916		602	69	619	688
1292	2844	518	71	703	774
1292	926		607	69	616	685
1294	2866	543	68	683	751
1295	713		472	66	757	823
1296	2956	620	84	592	676
1296	716		473	66	757	823
1297	2962	622	85	590	675
1297	2799	483	71	743	814
1297	956		628	68	601	669
1298	755		488	71	739	810
1298	770		494	70	734	804
1298	672		438	61	799	860
1298	766		494	70	734	804
1298	881		570	69	659	728
1299	2808	487	70	742	812
1299	894		577	69	653	722
1299	891		577	69	653	722
1299	976		649	69	581	650
1300	2984	629	87	584	671
1300	2648	373	55	872	927
1300	994		655	69	576	645
1301	2882	566	66	669	735
1301	828		525	69	707	776
1301	708		459	67	775	842
1302	2999	634	91	577	668
1302	905		597	70	635	705
1302	913		600	70	632	702
1303	2822	500	72	731	803
1303	2823	500	72	731	803
1303	4030	1133	7	163	170
1303	930		607	69	627	696
1303	841		531	72	700	772
1303	927		607	69	627	696
1303	846		535	72	696	768
1303	919		602	69	632	701
1304	2667	385	56	863	919
1304	2674	386	56	862	918
1304	610		361	54	889	943
1304	604		360	52	892	944
1305	2907	582	70	653	723
1305	725		475	67	763	830
1305	728		477	69	759	828
1305	951		621	68	616	684
1306	2830	508	74	724	798
1306	2918	587	72	647	719
1306	2680	395	54	857	911
1306	872		556	69	681	750
1306	752		488	71	747	818
1306	954		621	68	617	685
1306	960		628	68	610	678
1307	2842	518	71	718	789
1307	2849	519	71	717	788
1308	2932	601	76	631	707
1308	2699	409	59	840	899
1308	642		401	51	856	907
1308	812		518	69	721	790
1308	799		511	68	729	797
1308	989		652	70	586	656
1309	2781	474	67	768	835
1309	837		528	69	712	781
1309	825		522	69	718	787
1310	2954	619	83	608	691
1310	917		602	69	639	708
1310	910		598	71	641	712
1311	923		605	69	637	706
1311	924		605	69	637	706
1312	2651	374	54	884	938
1312	931		608	69	635	704
1313	2994	633	90	590	680
1313	2813	494	72	747	819
1313	2995	634	91	588	679
1313	947		613	69	631	700
1314	2887	568	69	677	746
1314	2888	568	69	677	746
1314	869		550	70	694	764
1314	973		643	69	602	671
1314	868		550	70	694	764
1314	788		500	71	743	814
1315	838		528	70	717	787
1315	921		605	69	641	710
1315	984		650	70	595	665
1315	993		655	69	591	660
1315	898		584	70	661	731
1316	850		535	72	709	781
1316	946		613	69	634	703
1316	735		479	70	767	837
1318	2853	526	71	721	792
1318	970		635	68	615	683
1318	942		611	68	639	707
1318	918		602	69	647	716
1318	937		609	69	640	709
1319	2776	469	67	783	850
1319	710		459	67	793	860
1319	928		607	69	643	712
1319	723		475	67	777	844
1320	2777	469	67	784	851
1320	2855	538	69	713	782
1320	936		609	69	642	711
1320	934		608	69	643	712
1321	2625	361	52	908	960
1321	2709	415	60	846	906
1321	971		643	69	609	678
1321	798		511	68	742	810
1321	903		597	70	654	724

Battle Result: Alien Army Wins!
Battle went on for 1321 timesteps!

Earth Army Stats: 
Total units (ES, ET, EG): 725, 145, 112
% of destructed units relative to total: (ES, ET, EG) 100%, 100%, 100% 
% of total destructed units relative to total: 100%
% of total successfully healed units relative to total: 2.03666%
% of total infected Earth Soldiers relative to total: 24.6897% 
Average Df, Dd, Db: 31.4674, 401.199, 432.666
Df/Db %: 7.27291%
Dd/Db %: 92.7271%

Alien Army Stats: 
Total units (AS, AM, AD): 526, 298, 176
% of destructed units relative to total: (AS, AM, AD) 88.7833%, 95.6376%, 53.9773%  
% of total destructed units relative to total: 84.7%
Average Df, Dd, Db: 21.4959, 306.327, 327.823
Df/Db %: 6.55716%
Dd/Db %: 93.4428%
