Td	ID	  	Tj	Df	Dd	Db
12	2000	8	0	4	4
26	2015	23	0	3	3
39	2021	33	0	6	6
39	2025	33	0	6	6
41	2026	33	0	8	8
43	2027	33	0	10	10
47	2037	40	0	7	7
49	2045	42	0	7	7
50	7		8	0	42	42
51	2043	42	0	9	9
53	2003	8	1	44	45
65	10		9	1	55	56
67	4		8	34	25	59
68	1		8	34	26	60
70	68		60	3	7	10
71	2006	8	2	61	63
72	67		60	3	9	12
73	2001	8	0	65	65
79	64		60	8	11	19
80	2059	66	1	13	14
80	76		73	0	7	7
81	47		44	24	13	37
82	65		60	10	12	22
84	2004	8	1	75	76
85	2062	66	0	19	19
87	61		57	26	4	30
88	2078	73	0	15	15
90	2054	63	0	27	27
90	2097	75	0	15	15
92	2074	69	0	23	23
93	2106	86	0	7	7
95	2052	63	0	32	32
96	2056	66	0	30	30
97	2065	68	3	26	29
97	11		9	1	87	88
99	2049	63	0	36	36
100	14		9	2	89	91
101	2082	73	9	19	28
102	28		22	5	75	80
107	2002	8	0	99	99
107	2092	75	4	28	32
107	20		19	4	84	88
109	2071	69	0	40	40
109	2076	69	0	40	40
110	2094	75	7	28	35
111	2103	77	0	34	34
114	5		8	0	106	106
115	2069	68	0	47	47
118	2064	68	3	47	50
119	2115	91	3	25	28
119	85		89	0	30	30
121	2109	86	15	20	35
123	2068	68	2	53	55
123	2105	86	2	35	37
124	116		108	3	13	16
125	133		117	0	8	8
128	2154	115	0	13	13
128	3		8	0	120	120
128	8		9	0	119	119
129	119		108	0	21	21
130	2123	102	1	27	28
132	2100	77	3	52	55
132	132		117	0	15	15
133	2152	112	0	21	21
134	2171	124	0	10	10
136	2160	115	0	21	21
136	4003	131	1	4	5
136	54		45	11	80	91
136	125		110	0	26	26
137	4005	131	1	5	6
137	4006	131	2	4	6
138	2139	108	0	30	30
138	4001	131	0	7	7
138	4008	132	2	4	6
138	114		108	12	18	30
139	4009	132	3	4	7
140	2091	75	0	65	65
140	4011	132	3	5	8
140	29		24	6	110	116
141	2101	77	1	63	64
141	4004	131	1	9	10
142	2166	120	0	22	22
142	34		24	8	110	118
143	158		139	0	4	4
144	4010	132	3	9	12
144	78		87	0	57	57
145	2170	124	2	19	21
145	2178	126	1	18	19
145	4002	131	1	13	14
145	4000	131	0	14	14
145	4007	132	2	11	13
146	2005	8	2	136	138
146	4014	139	3	4	7
147	173		144	0	3	3
148	2124	102	5	41	46
151	2165	120	1	30	31
151	2175	126	0	25	25
152	2190	143	0	9	9
153	2143	111	0	42	42
153	4015	139	3	11	14
153	4016	139	3	11	14
153	123		110	19	24	43
153	25		22	4	127	131
155	155		139	0	16	16
157	190		153	1	3	4
158	183		148	0	10	10
158	195		153	0	5	5
160	4025	143	5	12	17
162	4018	139	4	19	23
163	147		131	0	32	32
164	2186	133	0	31	31
164	4033	144	7	13	20
165	2214	154	0	11	11
165	4012	132	3	30	33
165	4013	132	4	29	33
167	157		139	8	20	28
168	4021	143	3	22	25
168	106		100	0	68	68
169	2211	154	0	15	15
170	2172	124	2	44	46
170	4041	147	9	14	23
170	198		160	0	10	10
171	2182	133	0	38	38
172	4047	148	11	13	24
172	103		99	69	4	73
173	2198	146	2	25	27
174	2199	146	1	27	28
174	55		45	35	94	129
175	4027	143	5	27	32
176	2007	16	2	158	160
177	2220	156	0	21	21
178	2206	150	2	26	28
178	4031	144	7	27	34
178	4032	144	7	27	34
178	21		19	5	154	159
179	2210	154	12	13	25
180	4051	153	13	14	27
180	216		176	0	4	4
182	2225	167	2	13	15
182	4036	147	7	28	35
182	4037	147	7	28	35
183	4040	147	8	28	36
184	4042	148	9	27	36
185	2209	150	0	35	35
185	4044	148	10	27	37
185	4045	148	10	27	37
186	2193	143	0	43	43
187	215		176	4	7	11
188	2203	150	2	36	38
189	220		177	0	12	12
189	2		8	0	181	181
190	22		22	3	165	168
190	214		176	11	3	14
191	4024	143	5	43	48
191	4017	139	4	48	52
191	208		174	0	17	17
192	2212	154	0	38	38
192	222		177	0	15	15
194	4019	139	4	51	55
194	4020	139	4	51	55
195	4028	144	6	45	51
197	4029	144	6	47	53
197	9		9	1	187	188
198	4030	144	6	48	54
198	4034	144	8	46	54
198	4050	153	12	33	45
198	229		192	0	6	6
199	2224	167	0	32	32
200	2252	179	0	21	21
200	4055	153	14	33	47
200	4035	147	7	46	53
201	2285	191	0	10	10
201	4038	147	8	46	54
202	2276	189	0	13	13
202	4046	148	10	44	54
203	4056	160	12	31	43
203	104		99	0	104	104
204	4059	160	13	31	44
204	204		174	17	13	30
205	2259	182	0	23	23
206	4067	174	14	18	32
207	2267	188	0	19	19
208	2255	179	1	28	29
208	2269	188	0	20	20
208	4026	143	5	60	65
210	2256	179	2	29	31
210	2246	176	0	34	34
211	2019	23	6	182	188
211	4071	176	16	19	35
211	4072	176	16	19	35
212	2187	133	0	79	79
213	2197	146	0	67	67
213	247		206	0	7	7
214	2263	182	1	31	32
214	2261	182	1	31	32
215	2250	176	0	39	39
215	4049	153	12	50	62
216	2010	16	3	197	200
216	2249	176	1	39	40
216	4052	153	13	50	63
216	4053	153	14	49	63
217	2149	112	0	105	105
218	2266	188	1	29	30
218	102		99	105	14	119
219	4054	153	14	52	66
219	4039	147	8	64	72
219	4022	143	4	72	76
220	4023	143	4	73	77
220	4043	148	9	63	72
220	4048	148	11	61	72
221	2296	212	0	9	9
222	2231	168	6	48	54
223	4058	160	13	50	63
223	4063	174	13	36	49
224	4064	174	13	37	50
224	4065	174	13	37	50
224	4066	174	13	37	50
225	2144	111	0	114	114
226	2287	210	4	12	16
226	2281	191	0	35	35
227	2306	217	0	10	10
228	4060	160	14	54	68
229	2293	210	1	18	19
229	4062	160	14	55	69
230	2302	217	0	13	13
230	36		33	6	191	197
235	2312	231	0	4	4
236	4073	176	17	43	60
237	4075	176	18	43	61
239	4079	177	19	43	62
239	4080	177	19	43	62
240	4081	177	20	43	63
240	39		33	7	200	207
243	4093	200	17	26	43
243	4094	200	17	26	43
244	4095	200	18	26	44
244	4096	200	18	26	44
244	232		200	0	44	44
247	2319	243	0	4	4
247	4057	160	13	74	87
247	246		206	0	41	41
249	230		192	0	57	57
249	302		246	0	3	3
251	4068	174	14	63	77
252	4061	160	14	78	92
252	4084	192	16	44	60
254	2327	247	0	7	7
254	4070	176	16	62	78
255	266		219	26	10	36
257	52		45	34	178	212
259	297		244	6	9	15
259	299		244	0	15	15
260	2323	247	0	13	13
260	2326	247	0	13	13
260	4076	176	18	66	84
260	4078	177	19	64	83
261	298		244	17	0	17
262	2328	247	0	15	15
262	245		204	45	13	58
263	4082	177	20	66	86
263	4083	177	20	66	86
263	59		57	10	196	206
263	286		239	4	20	24
264	2314	231	0	33	33
264	4091	200	16	48	64
268	2345	264	0	4	4
269	4097	200	18	51	69
270	2344	264	0	6	6
270	2333	260	1	9	10
270	2343	264	0	6	6
270	2315	243	0	27	27
271	2346	264	0	7	7
272	2324	247	0	25	25
273	2350	267	0	6	6
277	4098	204	17	56	73
279	2023	33	6	240	246
279	4101	204	18	57	75
280	4104	204	19	57	76
281	2321	243	0	38	38
281	4105	206	19	56	75
284	4106	206	19	59	78
284	4107	206	19	59	78
285	4109	206	20	59	79
286	4069	174	15	97	112
287	4087	192	17	78	95
288	4090	192	18	78	96
288	4112	212	20	56	76
289	4113	212	20	57	77
290	2359	281	0	9	9
290	12		9	1	280	281
290	66		60	9	221	230
291	2363	281	0	10	10
292	2362	281	0	11	11
293	2357	281	0	12	12
296	4074	176	17	103	120
296	4077	177	18	101	119
300	2365	287	0	13	13
301	2368	287	0	14	14
301	2360	281	0	20	20
302	2367	287	1	14	15
302	4151	243	22	37	59
303	2364	287	6	10	16
305	4153	243	23	39	62
305	4092	200	17	88	105
306	4154	244	23	39	62
308	2373	303	0	5	5
308	2377	303	0	5	5
311	4160	244	25	42	67
313	2386	307	0	6	6
313	2387	307	0	6	6
314	2382	306	0	8	8
314	2390	307	2	5	7
315	2391	307	0	8	8
316	4164	246	26	44	70
317	4121	219	27	71	98
318	4124	219	28	71	99
318	77		73	8	237	245
319	4099	204	17	98	115
319	4100	204	17	98	115
320	4102	204	18	98	116
320	4103	204	18	98	116
321	27		22	5	294	299
322	2393	316	0	6	6
324	4110	206	20	98	118
324	4111	206	20	98	118
324	4085	192	17	115	132
325	2397	316	0	9	9
327	4086	192	17	118	135
328	2411	324	0	4	4
328	4115	212	21	95	116
328	4126	234	21	73	94
329	4127	234	21	74	95
329	4128	234	21	74	95
330	4129	234	22	74	96
330	4130	234	22	74	96
330	412		326	0	4	4
331	2410	324	0	7	7
332	4118	212	23	97	120
332	396		319	0	13	13
333	4133	236	21	76	97
333	4135	236	22	75	97
334	2412	324	0	10	10
335	2415	328	0	7	7
337	2418	328	0	9	9
337	2402	320	0	17	17
340	4141	239	22	79	101
340	4142	239	22	79	101
340	56		45	11	284	295
341	4143	239	22	80	102
341	4144	239	23	79	102
342	4145	239	23	80	103
343	4176	264	35	44	79
353	4184	266	37	50	87
356	377		306	18	32	50
358	320		264	0	94	94
360	2430	352	0	8	8
360	4155	244	23	93	116
361	2011	16	3	342	345
362	2012	16	4	342	346
362	452		355	0	7	7
363	2435	354	1	8	9
364	4190	268	40	56	96
365	2446	358	0	7	7
365	443		352	0	13	13
366	4159	244	24	98	122
367	2447	358	0	9	9
369	2436	354	0	15	15
370	2440	354	1	15	16
372	4162	246	25	101	126
373	4167	246	27	100	127
373	4122	219	27	127	154
373	442		352	11	10	21
374	4125	219	28	127	155
374	4168	250	31	93	124
375	4171	250	32	93	125
376	4172	250	33	93	126
376	4173	250	33	93	126
377	2460	362	0	15	15
377	2463	363	0	14	14
378	4207	287	39	52	91
379	2470	366	0	13	13
379	4088	192	18	169	187
379	4089	192	18	169	187
379	432		349	16	14	30
380	4116	212	22	146	168
380	4117	212	22	146	168
381	4134	236	22	123	145
381	390		311	46	24	70
381	404		325	33	23	56
382	4211	295	40	47	87
382	378		306	50	26	76
383	4137	236	22	125	147
384	4139	236	23	125	148
386	2034	39	9	338	347
386	4177	264	35	87	122
386	4178	264	35	87	122
386	79		87	1	298	299
386	459		382	0	4	4
388	107		100	56	232	288
388	118		108	48	232	280
389	2036	40	9	340	349
390	2466	363	3	24	27
390	4181	264	36	90	126
390	4147	243	21	126	147
391	2467	363	1	27	28
391	4149	243	22	126	148
391	4150	243	22	126	148
391	165		143	14	234	248
392	2469	366	0	26	26
392	2471	366	0	26	26
392	4182	266	36	90	126
393	4224	304	50	39	89
394	4226	304	51	39	90
394	148		132	25	237	262
394	456		382	7	5	12
395	4228	304	52	39	91
395	4229	304	52	39	91
395	162		143	14	238	252
396	4186	266	38	92	130
396	4187	266	38	92	130
396	4188	266	39	91	130
396	366		304	80	12	92
396	457		382	4	10	14
397	2482	377	1	19	20
398	4234	306	53	39	92
399	2479	377	1	21	22
399	4189	268	39	92	131
400	429		349	24	27	51
401	2501	389	0	12	12
401	4242	308	55	38	93
402	2016	23	5	374	379
402	2486	381	3	18	21
402	4243	308	55	39	94
403	4191	268	40	95	135
404	4194	268	41	95	136
404	4195	268	41	95	136
404	4157	244	24	136	160
404	73		73	8	323	331
405	4245	311	56	38	94
405	425		345	55	5	60
406	2498	389	0	17	17
407	2507	398	0	9	9
408	2502	389	0	19	19
410	2020	23	6	381	387
410	4161	246	24	140	164
411	2504	398	0	13	13
412	4199	271	42	99	141
413	4202	271	43	99	142
413	4163	246	25	142	167
414	4166	246	27	141	168
414	4123	219	27	168	195
414	4169	250	31	133	164
414	474		410	0	4	4
415	4170	250	32	133	165
415	4174	250	33	132	165
415	4108	206	19	190	209
416	4203	287	38	91	129
416	426		345	51	20	71
419	4114	212	21	186	207
419	4132	234	22	163	185
420	4136	236	22	162	184
422	2493	387	0	35	35
422	4138	236	23	163	186
422	391		311	0	111	111
423	2516	412	0	11	11
423	4140	239	22	162	184
423	4146	239	23	161	184
423	475		410	0	13	13
424	4218	300	46	78	124
424	4219	300	46	78	124
424	410		326	4	94	98
425	2523	413	0	12	12
425	2520	413	0	12	12
425	4221	300	48	77	125
426	2522	413	0	13	13
426	2514	412	0	14	14
426	4223	300	49	77	126
427	2518	413	1	13	14
427	4152	243	22	162	184
428	4185	266	37	125	162
429	4227	304	51	74	125
429	4230	304	52	73	125
429	4232	306	52	71	123
429	31		24	371	34	405
430	2427	352	0	78	78
430	4235	306	53	71	124
431	2483	381	0	50	50
432	2028	39	8	385	393
432	2531	424	0	8	8
433	4193	268	41	124	165
433	386		311	113	9	122
434	4158	244	24	166	190
434	4246	311	56	67	123
434	4247	311	57	66	123
434	477		422	0	12	12
435	4119	219	26	190	216
436	4120	219	26	191	217
436	75		73	323	40	363
436	279		236	160	40	200
437	4198	271	42	124	166
437	4201	271	43	123	166
438	4204	287	38	113	151
438	4205	287	38	113	151
438	4206	287	38	113	151
439	4208	287	39	113	152
440	2461	362	0	78	78
440	2485	381	0	59	59
440	4210	295	39	106	145
440	4212	295	40	105	145
441	2545	429	0	12	12
441	4215	295	41	105	146
442	2535	428	0	14	14
442	2544	429	0	13	13
442	4217	300	45	97	142
442	4220	300	47	95	142
442	4222	300	48	94	142
443	4148	243	21	179	200
444	2539	429	1	14	15
444	2426	349	0	95	95
444	4183	266	37	141	178
444	4225	304	50	90	140
444	4231	306	52	86	138
445	4233	306	52	87	139
445	4237	306	54	85	139
446	4156	244	23	179	202
446	4238	308	53	85	138
447	2541	429	1	17	18
447	4241	308	55	84	139
447	4244	308	55	84	139
448	2552	442	0	6	6
448	4192	268	40	140	180
449	4249	311	57	81	138
449	4250	311	57	81	138
449	4196	271	41	137	178
450	4197	271	41	138	179
450	4200	271	43	136	179
450	4165	246	26	178	204
451	4131	234	22	195	217
452	4213	295	40	117	157
452	4214	295	41	116	157
452	521		446	0	6	6
453	2547	442	1	10	11
453	4216	295	42	116	158
453	4179	264	36	153	189
454	2559	446	0	8	8
454	2565	447	0	7	7
454	4180	264	36	154	190
454	4236	306	53	95	148
454	4239	308	54	92	146
455	4240	308	54	93	147
455	4209	287	39	129	168
455	4175	264	34	157	191
456	2553	446	0	10	10
456	4248	311	57	88	145
457	496		439	0	18	18
458	30		24	7	427	434
459	2024	33	7	419	426
459	2566	447	0	12	12
459	2564	447	0	12	12
460	2573	450	2	8	10
463	2560	447	2	14	16
463	527		454	0	9	9
464	2555	446	9	9	18
467	83		87	9	371	380
467	84		87	9	371	380
468	2587	460	0	8	8
468	510		443	15	10	25
470	2578	459	0	11	11
470	534		460	0	10	10
470	519		446	6	18	24
476	511		443	18	15	33
476	503		440	20	16	36
476	508		443	0	33	33
476	517		445	0	31	31
478	2593	465	0	13	13
480	42		33	7	440	447
481	2601	471	0	10	10
481	532		454	27	0	27
481	111		100	14	367	381
482	2606	473	0	9	9
484	2600	471	0	13	13
484	2622	475	2	7	9
484	2609	474	0	10	10
484	555		478	0	6	6
486	2629	476	0	10	10
488	2595	471	0	17	17
488	487		438	0	50	50
490	2628	476	0	14	14
490	26		22	5	463	468
492	2635	483	0	9	9
492	564		487	0	5	5
494	2605	473	1	20	21
494	556		478	0	16	16
495	547		477	0	18	18
496	2637	490	0	6	6
496	15		19	3	474	477
497	2636	483	0	14	14
498	2647	491	0	7	7
504	2646	491	0	13	13
504	17		19	4	481	485
505	2645	491	3	11	14
505	570		489	0	16	16
507	2655	493	0	14	14
507	2615	474	0	33	33
508	2649	491	0	17	17
508	583		496	0	12	12
510	2651	493	0	17	17
510	567		487	0	23	23
512	2658	500	0	12	12
514	2642	490	0	24	24
514	589		501	0	13	13
515	538		460	17	38	55
515	605		509	0	6	6
520	574		489	0	31	31
521	2589	465	0	56	56
522	2672	513	0	9	9
522	2618	475	0	47	47
522	2590	465	0	57	57
525	588		496	11	18	29
526	2669	512	0	14	14
526	2675	513	0	13	13
527	2585	460	0	67	67
527	581		494	0	33	33
528	491		439	0	89	89
532	37		33	6	493	499
534	2686	528	0	6	6
534	629		523	0	11	11
535	2679	527	0	8	8
535	388		311	111	113	224
535	634		531	0	4	4
536	2688	528	0	8	8
538	2705	533	0	5	5
540	2694	532	0	8	8
542	2710	534	0	8	8
543	633		531	0	12	12
544	2718	538	0	6	6
549	642		537	0	12	12
549	72		73	8	468	476
550	2051	63	12	475	487
550	2697	532	0	18	18
551	648		541	0	10	10
553	661		543	0	10	10
555	2729	543	0	12	12
555	659		543	0	12	12
556	647		541	0	15	15
559	2753	550	0	9	9
560	646		541	13	6	19
561	2758	553	0	8	8
562	2752	550	1	11	12
563	2761	553	0	10	10
564	692		557	0	7	7
567	2765	555	0	12	12
568	2772	558	0	10	10
568	2744	549	0	19	19
568	2770	558	2	8	10
571	2756	553	0	18	18
572	2749	550	0	22	22
576	2745	549	0	27	27
578	2713	534	0	44	44
582	2735	548	0	34	34
583	2788	579	0	4	4
583	694		568	0	15	15
585	2022	33	6	546	552
586	2784	579	0	7	7
587	2714	538	0	49	49
587	2733	543	0	44	44
588	2785	579	0	9	9
588	2558	446	0	142	142
588	2554	446	0	142	142
592	2061	66	14	512	526
593	703		575	0	18	18
595	741		587	0	8	8
597	737		587	4	6	10
597	718		578	0	19	19
598	713		576	7	15	22
600	702		575	0	25	25
603	728		584	9	10	19
603	641		537	16	50	66
603	732		585	0	18	18
606	2797	591	0	15	15
607	2811	594	0	13	13
607	667		547	6	54	60
608	748		600	0	8	8
609	2795	591	0	18	18
609	120		110	14	485	499
611	2042	42	12	557	569
612	2805	594	0	18	18
612	705		575	25	12	37
612	714		576	0	36	36
613	544		474	42	97	139
614	568		489	27	98	125
615	69		60	10	545	555
615	704		575	0	40	40
616	757		611	0	5	5
618	701		575	38	5	43
619	381		308	228	83	311
620	2815	601	0	19	19
620	2807	594	0	26	26
628	2825	608	1	19	20
628	2816	601	1	26	27
628	2843	616	0	12	12
628	2847	619	0	9	9
630	2153	112	31	487	518
631	2834	612	1	18	19
634	2837	612	0	22	22
635	810		627	0	8	8
636	2849	619	0	17	17
637	2850	619	1	17	18
638	2830	609	2	27	29
638	811		627	0	11	11
640	2854	632	0	8	8
641	2832	609	0	32	32
642	804		626	0	16	16
642	192		153	39	450	489
645	833		640	0	5	5
646	829		640	0	6	6
648	2863	635	0	13	13
648	2864	635	0	13	13
649	809		627	12	10	22
650	2870	640	0	10	10
650	632		531	83	36	119
653	2008	16	3	634	637
653	832		640	2	11	13
654	2892	646	1	7	8
654	840		647	0	7	7
655	727		584	31	40	71
660	2905	652	0	8	8
662	2009	16	3	643	646
663	2897	651	1	11	12
663	93		93	10	560	570
665	2916	655	0	10	10
665	2884	644	0	21	21
666	51		45	11	610	621
667	2900	651	0	16	16
667	852		657	0	10	10
668	2915	655	0	13	13
669	851		657	0	12	12
670	858		659	0	11	11
670	864		662	0	8	8
671	2914	655	1	15	16
672	838		647	5	20	25
674	2924	661	0	13	13
674	856		659	0	15	15
676	2936	669	0	7	7
676	859		659	10	7	17
676	430		349	48	279	327
677	2928	661	0	16	16
677	848		657	0	20	20
678	787		624	0	54	54
678	138		122	16	540	556
680	251		206	190	284	474
681	2923	659	0	22	22
684	2083	73	20	591	611
684	844		656	0	28	28
684	834		647	7	30	37
685	836		647	0	38	38
688	2952	678	0	10	10
689	394		319	78	292	370
691	822		639	46	6	52
692	823		639	0	53	53
696	2942	672	3	21	24
697	2943	672	0	25	25
698	2013	16	4	678	682
705	2948	677	0	28	28
705	522		446	232	27	259
706	2965	682	0	24	24
706	2934	669	1	36	37
707	2986	690	0	17	17
708	902		700	0	8	8
709	805		626	53	30	83
709	862		662	17	30	47
710	2939	672	0	38	38
711	38		33	6	672	678
712	745		600	78	34	112
713	874		667	12	34	46
716	2983	690	0	26	26
716	801		626	53	37	90
717	2975	685	0	32	32
717	922		711	0	6	6
718	2964	682	1	35	36
719	905		702	0	17	17
722	2995	702	0	20	20
723	2998	702	1	20	21
724	2991	692	1	31	32
724	2994	702	0	22	22
724	901		700	0	24	24
725	2993	692	2	31	33
726	2997	702	6	18	24
727	2976	685	0	42	42
728	2911	655	0	73	73
731	88		89	10	632	642
731	90		89	10	632	642
733	110		100	14	619	633
734	2937	669	0	65	65
735	109		100	13	622	635
736	71		73	641	22	663
739	91		89	626	24	650
741	312		250	466	25	491
744	2973	685	38	21	59
744	903		700	16	28	44
745	951		728	0	17	17
746	2907	652	0	94	94
747	2908	652	0	95	95
748	2966	684	0	64	64
749	2876	643	0	106	106
751	2904	652	93	6	99
754	2033	39	9	706	715
754	2882	644	0	110	110
755	2860	632	0	123	123
758	2902	651	0	107	107
758	2840	616	13	129	142
761	966		745	0	16	16
763	131		117	13	633	646
763	987		755	0	8	8
764	972		746	0	18	18
766	977		752	0	14	14
766	999		759	0	7	7
768	2880	643	0	125	125
770	2844	616	0	154	154
772	2869	640	0	132	132
773	969		746	0	27	27
774	2131	104	30	640	670
774	993		756	0	18	18
777	962		745	0	32	32
777	957		736	0	41	41
777	970		746	0	31	31
780	2839	612	0	168	168
781	2826	609	0	172	172
782	931		720	0	62	62
785	2039	40	10	735	745
787	2822	608	0	179	179
788	2717	538	0	250	250
790	2801	593	0	197	197
793	990		756	37	0	37
793	18		19	4	770	774
793	19		19	4	770	774
793	48		44	11	738	749
795	2137	108	30	657	687
797	2794	591	0	206	206
801	2233	168	33	600	633
810	2044	42	12	756	768
832	2150	112	31	689	720
837	33		24	7	806	813
837	63		57	11	769	780
838	2075	69	18	751	769
841	2017	23	5	813	818
864	121		110	14	740	754
881	2114	91	26	764	790
963	2095	75	24	864	888
972	968		746	226	0	226
972	50		45	11	916	927
979	134		122	15	842	857
1011	2183	133	26	852	878
1013	2126	104	29	880	909
1021	170		144	31	846	877
1034	223		177	48	809	857
1035	2230	167	33	835	868
1042	181		147	36	859	895
1046	87		89	9	948	957
1068	188		148	37	883	920
1074	2151	112	31	931	962
1078	105		99	13	966	979
1082	2018	23	6	1053	1059
1086	2155	115	29	942	971
1089	23		22	4	1063	1067
1108	2245	176	37	895	932
1109	2112	91	25	993	1018
1117	2116	91	26	1000	1026
1128	16		19	4	1105	1109
1139	2164	120	29	990	1019
1148	95		93	11	1044	1055
1155	2081	73	19	1063	1082
1199	2029	39	8	1152	1160
1213	2053	63	12	1138	1150
1219	126		110	15	1094	1109
1225	271		234	63	928	991
1233	2122	102	28	1103	1131
1233	2031	39	8	1186	1194
1251	2102	77	26	1148	1174
1253	2127	104	29	1120	1149
1259	2057	66	13	1180	1193
1260	2060	66	14	1180	1194
1267	2040	40	11	1216	1227
1268	289		243	66	959	1025
1268	290		243	66	959	1025
1277	295		244	69	964	1033
1303	2189	143	28	1132	1160
1303	127		117	13	1173	1186
1303	130		117	13	1173	1186
1303	142		131	26	1146	1172
1314	2048	42	13	1259	1272
1316	2291	210	39	1067	1106
1373	2080	73	19	1281	1300
1376	80		87	8	1281	1289
1377	166		143	29	1205	1234
1383	169		144	31	1208	1239
1392	221		177	48	1167	1215
1421	2084	74	22	1325	1347
1422	2087	74	23	1325	1348
1423	2088	74	23	1326	1349
1428	2089	74	23	1331	1354
1428	2168	124	28	1276	1304
1428	2169	124	28	1276	1304
1430	367		304	84	1042	1126
1432	950		728	704	0	704
1439	384		308	87	1044	1131
1442	389		311	88	1043	1131
1447	191		153	38	1256	1294
1450	2050	63	12	1375	1387
1451	2217	156	32	1263	1295
1460	307		246	72	1142	1214
1467	2125	102	28	1337	1365
1470	314		250	74	1146	1220
1481	203		160	43	1278	1321
1482	416		331	93	1058	1151
1483	2099	77	26	1380	1406
1485	2129	104	29	1352	1381
1486	2035	40	9	1437	1446
1487	241		204	51	1232	1283
1493	949		728	765	0	765
1496	60		57	10	1429	1439
1496	43		44	11	1441	1452
1503	113		108	13	1382	1395
1503	135		122	15	1366	1381
1507	2067	68	16	1423	1439
1507	2014	23	5	1479	1484
1514	328		266	84	1164	1248
1522	439		351	94	1077	1171
1522	440		351	94	1077	1171
1526	2108	86	25	1415	1440
1535	2073	69	17	1449	1466
1538	256		212	56	1270	1326
1542	117		108	14	1420	1434
1547	2196	146	28	1373	1401
1551	262		219	62	1270	1332
1552	82		87	9	1456	1465
1552	264		219	63	1270	1333
1564	2158	115	31	1418	1449
1565	176		147	33	1385	1418
1566	178		147	34	1385	1419
1581	2077	73	18	1490	1508
1589	187		148	37	1404	1441
1602	370		304	85	1213	1298
1609	2389	307	53	1249	1302
1617	300		244	69	1304	1373
1622	926		720	902	0	902
1640	315		250	75	1315	1390
1646	197		160	41	1445	1486
1659	250		206	53	1400	1453
1665	2180	126	28	1511	1539
1666	489		438	69	1159	1228
1673	2030	39	8	1626	1634
1676	2218	156	32	1488	1520
1684	925		720	964	0	964
1684	445		352	95	1237	1332
1689	332		268	85	1336	1421
1699	2283	191	40	1468	1508
1700	156		139	28	1533	1561
1702	2098	77	25	1600	1625
1704	630		523	82	1099	1181
1710	2419	328	60	1322	1382
1714	2038	40	10	1664	1674
1720	2133	108	29	1583	1612
1729	920		711	1018	0	1018
1733	2232	168	33	1532	1565
1743	2141	111	29	1603	1632
1747	2142	111	30	1606	1636
1756	2110	86	25	1645	1670
1757	557		478	66	1213	1279
1758	900		700	1058	0	1058
1759	2111	86	25	1648	1673
1762	2148	112	30	1620	1650
1773	2244	174	36	1563	1599
1777	2294	212	40	1525	1565
1780	196		153	40	1587	1627
1781	303		246	70	1465	1535
1790	2298	212	40	1538	1578
1795	473		410	82	1303	1385
1796	866		662	1134	0	1134
1797	2113	91	25	1681	1706
1798	310		250	73	1475	1548
1799	400		325	91	1383	1474
1800	146		131	27	1642	1669
1801	407		326	93	1382	1475
1804	482		422	75	1307	1382
1810	2079	73	18	1719	1737
1811	865		662	1149	0	1149
1814	594		501	70	1243	1313
1815	2372	303	51	1461	1512
1817	2307	217	40	1560	1600
1819	94		93	11	1715	1726
1819	154		132	28	1659	1687
1819	92		93	10	1716	1726
1820	96		93	11	1716	1727
1823	321		264	79	1480	1559
1824	2254	179	38	1607	1645
1833	136		122	15	1696	1711
1843	863		662	1181	0	1181
1844	140		122	16	1706	1722
1848	2208	150	30	1668	1698
1855	749		600	89	1166	1255
1856	342		271	88	1497	1585
1865	263		219	62	1584	1646
1867	212		176	45	1646	1691
1868	217		176	46	1646	1692
1872	174		144	32	1696	1728
1873	2468	363	65	1445	1510
1873	2085	74	22	1777	1799
1875	2260	182	38	1655	1693
1876	224		177	48	1651	1699
1878	830		640	1238	0	1238
1879	2265	182	39	1658	1697
1882	269		234	62	1586	1648
1887	2356	267	47	1573	1620
1912	379		308	86	1518	1604
1921	294		243	68	1610	1678
1931	2104	77	26	1828	1854
1933	768		612	1321	0	1321
1935	2130	104	30	1801	1831
1937	572		489	66	1382	1448
1942	398		319	90	1533	1623
1949	2041	40	11	1898	1909
1954	480		422	75	1457	1532
1955	2226	167	32	1756	1788
1957	2066	68	16	1873	1889
1964	2237	168	34	1762	1796
1968	2046	42	13	1913	1926
1974	751		610	1364	0	1364
1975	319		264	78	1633	1711
1987	2072	69	17	1901	1918
1989	509		443	69	1477	1546
1993	2047	42	13	1938	1951
1995	139		122	16	1857	1873
2001	2295	212	40	1749	1789
2005	617		520	78	1407	1485
2005	619		520	78	1407	1485
2007	2297	212	40	1755	1795
2008	742		587	1421	0	1421
2010	2423	349	59	1602	1661
2010	626		523	81	1406	1487
2013	2200	146	28	1839	1867
2017	719		578	1439	0	1439
2029	177		147	34	1848	1882
2034	699		568	1466	0	1466
2035	182		147	36	1852	1888
2037	679		550	1487	0	1487
2041	2163	120	29	1892	1921
2043	359		300	83	1660	1743
2046	2257	179	38	1829	1867
2049	184		148	36	1865	1901
2049	185		148	154	1747	1901
2052	552		477	64	1511	1575
2052	553		477	64	1511	1575
2058	99		99	13	1946	1959
2058	283		239	64	1755	1819
2059	365		304	83	1672	1755
2061	368		304	84	1673	1757
2068	2449	361	62	1645	1707
2078	2337	262	46	1770	1816
2078	301		244	70	1764	1834
2084	2342	262	47	1775	1822
2085	465		406	82	1597	1679
2098	675		550	1548	0	1548
2101	2173	124	28	1949	1977
2105	654		542	1563	0	1563
2105	200		160	41	1904	1945
2111	2215	154	31	1926	1957
2119	639		537	1582	0	1582
2119	721		578	87	1454	1541
2123	2096	75	25	2023	2048
2124	2270	188	37	1899	1936
2127	2222	156	32	1939	1971
2129	500		440	69	1620	1689
2129	502		440	69	1620	1689
2130	2275	189	39	1902	1941
2132	2279	189	39	1904	1943
2134	435		351	92	1691	1783
2135	437		351	93	1691	1784
2135	610		514	75	1546	1621
2139	631		531	1608	0	1608
2141	2119	102	27	2012	2039
2151	747		600	89	1462	1551
2154	2284	191	40	1923	1963
2155	81		87	9	2059	2068
2155	163		143	28	1984	2012
2158	536		460	64	1634	1698
2159	2185	133	27	1999	2026
2160	603		509	1651	0	1651
2160	756		610	89	1461	1550
2167	769		612	92	1463	1555
2168	346		287	84	1797	1881
2178	2135	108	30	2040	2070
2179	569		489	1690	0	1690
2183	531		454	1729	0	1729
2184	2063	68	16	2100	2116
2190	802		626	95	1469	1564
2199	2145	111	30	2058	2088
2200	515		445	1755	0	1755
2208	494		439	1769	0	1769
2209	392		311	88	1810	1898
2212	2626	476	149	1587	1736
2212	2147	112	30	2070	2100
2216	226		192	52	1972	2024
2219	488		438	1781	0	1781
2220	464		406	82	1732	1814
2223	2242	174	36	2013	2049
2223	466		406	83	1734	1817
2224	393		319	87	1818	1905
2225	397		319	89	1817	1906
2227	2156	115	30	2082	2112
2228	2157	115	30	2083	2113
2233	2420	349	58	1826	1884
2235	481		422	1813	0	1813
2243	2202	146	29	2068	2097
2243	2159	115	31	2097	2128
2243	414		331	93	1819	1912
2244	418		331	94	1819	1913
2253	478		422	1831	0	1831
2253	869		667	127	1459	1586
2255	873		667	128	1460	1588
2258	2118	91	27	2140	2167
2258	2519	413	90	1755	1845
2261	504		440	69	1752	1821
2263	2376	303	51	1909	1960
2263	736		587	89	1587	1676
2264	506		443	69	1752	1821
2276	450		355	97	1824	1921
2281	258		212	57	2012	2069
2282	2330	260	46	1976	2022
2282	2332	260	46	1976	2022
2287	2204	150	29	2108	2137
2293	761		611	90	1592	1682
2294	906		702	152	1440	1592
2295	907		702	152	1441	1593
2296	172		144	32	2120	2152
2301	124		110	14	2177	2191
2302	180		147	35	2120	2155
2304	353		295	81	1928	2009
2308	468		406	1902	0	1902
2308	777		621	92	1595	1687
2314	358		300	82	1932	2014
2320	2264	182	39	2099	2138
2326	2090	74	24	2228	2252
2326	2093	75	24	2227	2251
2330	2355	267	47	2016	2063
2331	2179	126	28	2177	2205
2331	662		543	86	1702	1788
2333	554		478	65	1790	1855
2335	373		306	86	1943	2029
2340	814		636	101	1603	1704
2344	677		550	88	1706	1794
2345	2278	189	39	2117	2156
2349	828		640	108	1601	1709
2353	979		752	172	1429	1601
2361	2282	191	40	2130	2170
2362	997		759	177	1426	1603
2363	470		410	81	1872	1953
2363	998		759	177	1427	1604
2365	399		319	91	1955	2046
2366	460		382	1984	0	1984
2367	313		250	74	2043	2117
2370	2128	104	29	2237	2266
2372	151		132	27	2213	2240
2373	201		160	42	2171	2213
2373	845		656	118	1599	1717
2374	2058	66	13	2295	2308
2377	424		345	2032	0	2032
2379	2499	389	66	1924	1990
2380	243		204	52	2124	2176
2389	2136	108	30	2251	2281
2391	423		345	93	1953	2046
2394	724		584	87	1723	1810
2395	2234	168	33	2194	2227
2396	498		440	69	1887	1956
2398	2316	243	42	2113	2155
2400	2320	243	44	2113	2157
2402	326		266	83	2053	2136
2404	505		443	69	1892	1961
2410	420		331	2079	0	2079
2410	447		352	96	1962	2058
2417	526		454	65	1898	1963
2427	2289	210	39	2178	2217
2431	2638	490	151	1790	1941
2436	344		287	83	2066	2149
2437	349		287	84	2066	2150
2443	409		326	2117	0	2117
2444	921		711	160	1573	1733
2446	771		621	91	1734	1825
2446	775		621	92	1733	1825
2452	280		236	65	2151	2216
2453	2429	352	59	2042	2101
2458	935		723	168	1567	1735
2460	807		627	96	1737	1833
2471	2305	217	40	2214	2254
2475	673		550	88	1837	1925
2479	2258	179	38	2262	2300
2479	2167	120	29	2330	2359
2479	2329	260	45	2174	2219
2483	2442	358	61	2064	2125
2483	974		752	170	1561	1731
2485	402		325	2160	0	2160
2486	305		246	71	2169	2240
2487	2445	358	62	2067	2129
2494	837		647	113	1734	1847
2495	145		131	26	2338	2364
2498	372		306	2192	0	2192
2499	2451	361	62	2076	2138
2501	2529	424	100	1977	2077
2503	700		568	88	1847	1935
2505	152		132	28	2345	2373
2509	2455	362	64	2083	2147
2510	2456	362	64	2084	2148
2511	2458	362	64	2085	2149
2514	716		578	86	1850	1936
2516	317		264	77	2175	2252
2517	875		667	128	1722	1850
2521	2086	74	23	2424	2447
2526	738		587	90	1849	1939
2527	740		587	90	1850	1940
2528	512		445	68	2015	2083
2533	2353	267	47	2219	2266
2536	2177	126	28	2382	2410
2538	2396	316	55	2167	2222
2538	334		268	86	2184	2270
2541	2181	126	28	2387	2415
2542	257		212	56	2274	2330
2542	746		600	89	1853	1942
2543	259		212	57	2274	2331
2548	168		143	30	2375	2405
2549	2399	320	56	2173	2229
2550	753		610	88	1852	1940
2550	754		610	88	1852	1940
2551	213		176	45	2330	2375
2552	908		702	153	1697	1850
2553	364		300	2253	0	2253
2555	2551	442	117	1996	2113
2556	636		531	82	1943	2025
2557	2478	377	65	2115	2180
2557	179		147	35	2375	2410
2558	911		708	158	1692	1850
2560	2223	156	33	2371	2404
2561	2121	102	28	2431	2459
2563	348		287	2276	0	2276
2563	458		382	91	2090	2181
2565	335		268	2297	0	2297
2566	541		474	63	2029	2092
2567	274		236	63	2268	2331
2567	543		474	63	2030	2093
2569	788		624	94	1851	1945
2570	791		624	94	1852	1946
2572	2489	381	66	2125	2191
2572	793		625	94	1853	1947
2574	2286	191	40	2343	2383
2577	933		723	168	1686	1854
2579	2184	133	26	2420	2446
2583	663		543	86	1954	2040
2593	817		636	102	1855	1957
2601	2823	608	195	1798	1993
2605	329		266	2339	0	2339
2606	193		153	39	2414	2453
2608	2107	86	24	2498	2522
2610	2140	111	29	2470	2499
2611	687		557	88	1966	2054
2616	575		494	66	2056	2122
2617	577		494	66	2057	2123
2618	2146	111	30	2477	2507
2618	405		325	92	2201	2293
2621	2614	474	147	2000	2147
2621	2616	475	147	1999	2146
2625	2625	476	149	2000	2149
2629	2195	143	28	2458	2486
2632	252		206	54	2372	2426
2632	715		578	86	1968	2054
2634	322		264	80	2290	2370
2634	318		264	77	2293	2370
2638	2238	174	35	2429	2464
2640	501		440	69	2131	2200
2640	499		440	69	2131	2200
2641	730		585	88	1968	2056
2653	2425	349	59	2245	2304
2654	2201	146	29	2479	2508
2657	288		243	2414	0	2414
2657	255		212	56	2389	2445
2658	115		108	14	2536	2550
2661	2428	352	59	2250	2309
2661	164		143	29	2489	2518
2664	892		695	147	1822	1969
2666	210		174	44	2448	2492
2667	235		200	2467	0	2467
2668	760		611	90	1967	2057
2669	764		612	91	1966	2057
2669	765		612	91	1966	2057
2670	345		287	83	2300	2383
2672	2117	91	27	2554	2581
2674	2301	217	40	2417	2457
2674	354		295	82	2297	2379
2675	161		139	2536	0	2536
2677	159		139	2538	0	2538
2678	2438	354	60	2264	2324
2678	781		622	93	1963	2056
2679	2375	303	51	2325	2376
2680	276		236	64	2380	2444
2680	790		624	94	1962	2056
2682	794		625	95	1962	2057
2686	551		477	64	2145	2209
2689	2673	513	159	2017	2176
2689	2674	513	159	2017	2176
2690	2676	513	160	2017	2177
2692	2381	306	51	2335	2386
2693	153		132	2561	0	2561
2694	375		306	86	2302	2388
2698	383		308	86	2304	2390
2708	682		551	89	2068	2157
2709	2530	424	101	2184	2285
2709	686		551	90	2068	2158
2711	112		100	2611	0	2611
2712	304		246	70	2396	2466
2715	306		246	71	2398	2469
2717	691		557	89	2071	2160
2718	2687	528	166	2024	2190
2719	128		117	13	2589	2602
2719	472		410	81	2228	2309
2721	2462	363	64	2294	2358
2724	46		44	2680	0	2680
2729	24		22	2707	0	2707
2730	860		659	123	1948	2071
2731	593		501	69	2161	2230
2732	242		204	52	2476	2528
2733	598		502	72	2159	2231
2733	707		575	85	2073	2158
2735	2472	366	65	2304	2369
2737	720		578	87	2072	2159
2739	2174	124	28	2587	2615
2739	486		438	69	2232	2301
2747	613		514	76	2157	2233
2748	615		514	77	2157	2234
2752	879		684	140	1928	2068
2753	882		684	141	1928	2069
2754	2762	553	184	2017	2201
2758	336		268	87	2403	2490
2762	2400	320	56	2386	2442
2763	260		219	61	2483	2544
2765	2032	39	9	2717	2726
2766	762		611	90	2065	2155
2767	218		177	47	2543	2590
2771	267		234	61	2476	2537
2771	356		295	82	2394	2476
2779	363		300	84	2395	2479
2781	927		720	166	1895	2061
2781	929		720	166	1895	2061
2786	2188	133	27	2626	2653
2786	2132	104	30	2652	2682
2787	2492	387	66	2334	2400
2787	945		724	172	1891	2063
2788	653		542	85	2161	2246
2789	189		148	37	2604	2641
2792	287		239	65	2488	2553
2794	380		308	86	2400	2486
2795	956		736	170	1889	2059
2797	2810	594	192	2011	2203
2797	292		243	67	2487	2554
2797	291		243	66	2488	2554
2797	819		636	102	2059	2161
2798	678		550	88	2160	2248
2805	562		487	64	2254	2318
2805	565		487	65	2253	2318
2805	563		487	64	2254	2318
2806	2229	167	32	2607	2639
2808	2821	608	195	2005	2200
2816	311		250	73	2493	2566
2816	406		325	92	2399	2491
2817	585		496	67	2254	2321
2821	2603	473	145	2203	2348
2821	847		656	119	2046	2165
2825	239		204	50	2571	2621
2825	417		331	93	2401	2494
2826	861		659	123	2044	2167
2827	240		204	51	2572	2623
2827	600		502	73	2252	2325
2831	870		667	127	2037	2164
2832	2325	247	45	2540	2585
2834	607		509	74	2251	2325
2838	324		266	83	2489	2572
2841	446		352	95	2394	2489
2841	444		352	95	2394	2489
2842	2241	174	36	2632	2668
2842	2243	174	36	2632	2668
2845	2641	490	151	2204	2355
2845	451		355	97	2393	2490
2849	339		271	87	2491	2578
2856	2299	212	41	2603	2644
2858	219		177	47	2634	2681
2861	637		531	82	2248	2330
2865	357		295	83	2487	2570
2866	923		711	160	1995	2155
2868	778		622	92	2154	2246
2869	2661	500	158	2211	2369
2870	542		474	63	2333	2396
2878	2521	413	90	2375	2465
2882	2304	217	40	2625	2665
2883	2253	179	38	2666	2704
2885	2667	512	158	2215	2373
2886	676		550	88	2248	2336
2889	2378	306	51	2532	2583
2889	827		640	108	2141	2249
2890	681		551	89	2250	2339
2895	573		489	66	2340	2406
2895	467		406	83	2406	2489
2897	690		557	89	2251	2340
2898	2443	358	62	2478	2540
2898	143		131	26	2741	2767
2898	309		250	72	2576	2648
2899	401		325	91	2483	2574
2904	695		568	88	2248	2336
2907	855		659	122	2126	2248
2909	867		662	125	2122	2247
2912	2527	424	100	2388	2488
2913	492		439	69	2405	2474
2913	493		439	69	2405	2474
2917	428		349	91	2477	2568
2919	611		514	76	2329	2405
2922	441		351	95	2476	2571
2930	338		271	87	2572	2659
2931	627		523	81	2327	2408
2931	625		523	81	2327	2408
2932	167		143	30	2759	2789
2934	2347	264	47	2623	2670
2936	211		176	45	2715	2760
2936	752		610	88	2238	2326
2937	2475	366	65	2506	2571
2941	916		708	160	2073	2233
2946	782		622	93	2231	2324
2949	795		625	95	2229	2324
2950	549		477	63	2410	2473
2953	936		723	168	2062	2230
2955	2219	156	32	2767	2799
2956	2273	189	38	2729	2767
2959	2277	189	39	2731	2770
2960	371		304	86	2570	2656
2961	108		100	13	2848	2861
2961	666		547	87	2327	2414
2963	2476	377	65	2521	2586
2963	670		547	87	2329	2416
2964	955		736	169	2059	2228
2966	2120	102	27	2837	2864
2967	2280	191	39	2737	2776
2968	963		745	170	2053	2223
2974	2406	324	58	2592	2650
2974	975		752	171	2051	2222
2974	978		752	171	2051	2222
2975	566		487	65	2423	2488
2977	989		756	175	2046	2221
2978	693		557	89	2332	2421
2978	995		759	176	2043	2219
2980	2413	328	58	2594	2652
2980	2490	387	65	2528	2593
2981	587		496	67	2418	2485
2983	479		422	75	2486	2561
2985	696		568	88	2329	2417
2985	850		657	120	2208	2328
2988	244		204	53	2731	2784
2991	98		93	12	2886	2898
2992	2361	281	49	2662	2711
2993	609		509	74	2410	2484
2995	726		584	88	2323	2411
2999	253		212	55	2732	2787
3000	2134	108	30	2862	2892
3005	454		355	98	2552	2650
3005	528		454	65	2486	2551
3005	453		355	98	2552	2650
3007	455		355	99	2553	2652
3007	743		600	88	2319	2407
3012	755		610	89	2313	2402
3013	2838	612	199	2202	2401
3015	910		702	153	2160	2313
3015	766		612	91	2312	2403
3015	767		612	91	2312	2403
3016	122		110	14	2892	2906
3016	635		531	82	2403	2485
3021	2604	473	145	2403	2548
3022	644		537	84	2401	2485
3023	277		236	64	2723	2787
3023	545		474	64	2485	2549
3025	799		626	95	2304	2399
3031	2191	143	28	2860	2888
3032	2194	143	28	2861	2889
3033	369		304	85	2644	2729
3034	374		306	86	2642	2728
3039	825		639	106	2294	2400
3040	2292	210	40	2790	2830
3040	2239	174	36	2830	2866
3045	2643	490	152	2403	2555
3049	413		326	94	2629	2723
3054	592		501	69	2484	2553
3059	490		438	69	2552	2621
3060	606		509	74	2477	2551
3061	2248	176	38	2847	2885
3063	735		585	89	2389	2478
3065	2512	412	87	2566	2653
3066	520		446	69	2551	2620
3066	438		351	94	2621	2715
3067	877		684	139	2244	2383
3070	449		355	96	2619	2715
3071	343		271	88	2712	2800
3076	2437	354	60	2662	2722
3079	2666	512	157	2410	2567
3079	2668	512	158	2409	2567
3080	351		295	81	2704	2785
3081	268		234	61	2786	2847
3081	273		234	63	2784	2847
3081	270		234	62	2785	2847
3084	275		236	63	2785	2848
3085	797		625	95	2365	2460
3085	792		625	94	2366	2460
3090	2954	678	233	2179	2412
3096	2388	307	52	2737	2789
3101	194		153	40	2908	2948
3102	463		406	82	2614	2696
3104	2528	424	100	2580	2680
3109	483		422	76	2611	2687
3110	843		656	118	2336	2454
3113	2685	527	166	2420	2586
3116	97		93	11	3012	3023
3117	2341	262	47	2808	2855
3118	725		584	88	2446	2534
3120	433		349	92	2679	2771
3122	513		445	69	2608	2677
3123	2702	533	169	2421	2590
3126	886		685	142	2299	2441
3127	529		454	65	2608	2673
3127	622		520	79	2528	2607
3128	160		139	29	2960	2989
3128	535		460	64	2604	2668
3131	2715	538	174	2419	2593
3131	899		700	151	2280	2431
3134	917		708	160	2266	2426
3135	640		537	84	2514	2598
3136	779		622	92	2422	2514
3137	362		300	83	2754	2837
3137	786		624	93	2420	2513
3138	650		541	85	2512	2597
3139	940		724	170	2245	2415
3147	293		243	67	2837	2904
3147	818		636	102	2409	2511
3148	960		745	169	2234	2403
3148	964		745	170	2233	2403
3148	965		745	171	2232	2403
3154	2221	156	32	2966	2998
3156	395		319	88	2749	2837
3158	576		494	66	2598	2664
3159	237		200	51	2908	2959
3160	846		656	119	2385	2504
3162	596		502	71	2589	2660
3162	599		502	72	2588	2660
3164	871		667	127	2370	2497
3164	421		345	92	2727	2819
3167	614		514	76	2577	2653
3169	2055	63	13	3093	3106
3169	2556	446	124	2599	2723
3170	2309	231	43	2896	2939
3171	254		212	55	2904	2959
3172	2783	572	187	2413	2600
3173	889		685	143	2345	2488
3173	530		454	65	2654	2719
3176	2563	447	126	2603	2729
3178	759		611	90	2477	2567
3178	763		611	90	2477	2567
3179	350		287	84	2808	2892
3179	913		708	158	2313	2471
3180	915		708	159	2313	2472
3181	774		621	91	2469	2560
3185	938		723	169	2293	2462
3186	2494	387	66	2733	2799
3186	652		542	85	2559	2644
3188	657		542	86	2560	2646
3189	660		543	86	2560	2646
3190	376		306	87	2797	2884
3191	2503	389	67	2735	2802
3191	958		736	170	2285	2455
3199	2582	460	138	2601	2739
3203	2227	167	32	3004	3036
3203	839		647	113	2443	2556
3208	601		502	73	2633	2706
3210	712		576	86	2548	2634
3212	2317	243	42	2927	2969
3212	608		509	74	2629	2703
3212	422		345	93	2774	2867
3213	722		584	87	2542	2629
3213	731		585	89	2539	2628
3214	734		585	89	2540	2629
3215	616		514	77	2624	2701
3217	881		684	141	2392	2533
3221	209		174	44	3003	3047
3222	758		611	89	2522	2611
3225	780		622	92	2511	2603
3228	2613	474	147	2607	2754
3228	656		542	86	2600	2686
3232	387		311	87	2834	2921
3232	674		550	88	2594	2682
3233	2192	143	28	3062	3090
3234	2630	483	148	2603	2751
3234	967		746	171	2317	2488
3241	408		326	93	2822	2915
3242	698		568	88	2586	2674
3243	202		160	42	3041	3083
3246	249		206	53	2987	3040
3246	711		576	86	2584	2670
3249	729		585	88	2576	2664
3251	524		446	69	2736	2805
3251	878		684	140	2427	2567
3252	2893	646	211	2395	2606
3253	2421	349	58	2846	2904
3254	620		520	78	2656	2734
3257	537		460	64	2733	2797
3257	895		695	148	2414	2562
3258	205		174	44	3040	3084
3259	2910	655	218	2386	2604
3260	770		612	92	2556	2648
3262	643		537	84	2641	2725
3263	798		625	95	2543	2638
3264	939		724	170	2370	2540
3264	937		723	168	2373	2541
3269	821		639	105	2525	2630
3270	2925	661	221	2388	2609
3270	2927	661	222	2387	2609
3272	680		551	89	2632	2721
3273	981		755	173	2345	2518
3274	985		755	174	2345	2519
3279	602		502	73	2704	2777
3280	710		576	86	2618	2704
3281	485		438	69	2774	2843
3282	612		514	76	2692	2768
3283	2383	306	51	2926	2977
3283	2955	678	233	2372	2605
3284	333		268	86	2930	3016
3284	448		352	96	2836	2932
3287	2967	684	233	2370	2603
3287	2968	684	234	2369	2603
3288	2971	684	235	2369	2604
3288	171		144	32	3112	3144
3288	904		702	151	2435	2586
3289	461		382	91	2816	2907
3290	2207	150	30	3110	3140
3290	546		474	64	2752	2816
3291	186		148	37	3106	3143
3292	2525	424	99	2769	2868
3294	952		728	172	2394	2566
3295	2681	527	164	2604	2768
3295	2989	692	240	2363	2603
3295	959		736	171	2388	2559
3296	824		639	106	2551	2657
3300	2698	532	167	2601	2768
3301	571		489	65	2747	2812
3302	992		756	175	2371	2546
3303	2708	534	170	2599	2769
3303	689		557	89	2657	2746
3305	580		494	66	2745	2811
3306	411		326	93	2887	2980
3309	436		351	93	2865	2958
3310	514		445	69	2796	2865
3312	618		520	78	2714	2792
3312	628		523	81	2708	2789
3312	744		600	88	2624	2712
3313	2216	154	31	3128	3159
3313	891		695	147	2471	2618
3314	2738	548	181	2585	2766
3315	914		708	159	2448	2607
3316	278		236	65	3015	3080
3317	2748	549	183	2585	2768
3317	803		626	95	2596	2691
3322	2546	442	115	2765	2880
3323	2550	442	116	2765	2881
3324	683		551	89	2684	2773
3325	2308	231	43	3051	3094
3325	227		192	52	3081	3133
3326	983		755	173	2398	2571
3327	2484	381	65	2881	2946
3329	2311	231	44	3054	3098
3329	234		200	51	3078	3129
3329	841		656	117	2556	2673
3330	842		656	117	2557	2674
3331	591		501	69	2761	2830
3331	857		659	123	2549	2672
3333	495		439	69	2825	2894
3333	431		349	92	2892	2984
3335	523		446	69	2820	2889
3340	800		626	95	2619	2714
3342	658		542	86	2714	2800
3346	2833	612	198	2536	2734
3347	2835	612	199	2536	2735
3352	582		496	67	2789	2856
3354	2620	475	148	2731	2879
3354	872		667	127	2560	2687
3355	2070	69	17	3269	3286
3355	434		349	92	2914	3006
3355	739		587	90	2678	2768
3355	516		445	69	2841	2910
3356	2855	632	203	2521	2724
3356	884		685	142	2529	2671
3359	898		700	151	2508	2659
3359	638		537	84	2738	2822
3360	2290	210	39	3111	3150
3360	2240	174	36	3150	3186
3361	2873	640	208	2513	2721
3361	2874	640	208	2513	2721
3361	789		624	94	2643	2737
3361	932		723	167	2471	2638
3361	808		627	96	2638	2734
3362	2877	643	210	2509	2719
3363	664		543	86	2734	2820
3365	2891	646	211	2508	2719
3365	2894	646	212	2507	2719
3366	2656	493	155	2718	2873
3367	2300	212	41	3114	3155
3367	973		746	171	2450	2621
3368	2247	176	37	3155	3192
3368	831		640	108	2620	2728
3368	225		192	51	3125	3176
3369	2511	412	87	2870	2957
3369	980		752	172	2445	2617
3370	469		406	83	2881	2964
3370	561		487	64	2819	2883
3370	986		755	174	2441	2615
3371	996		759	176	2436	2612
3372	849		657	120	2595	2715
3373	868		662	126	2585	2711
3373	484		438	68	2867	2935
3374	2663	500	159	2715	2874
3375	2515	412	88	2875	2963
3375	624		523	81	2771	2852
3375	539		460	64	2851	2915
3375	896		695	148	2532	2680
3375	623		520	79	2776	2855
3378	2303	217	40	3121	3161
3381	2944	672	228	2481	2709
3382	2946	677	230	2475	2705
3382	685		551	90	2741	2831
3384	2441	358	61	2965	3026
3385	419		331	94	2960	3054
3385	853		657	120	2608	2728
3386	525		446	69	2871	2940
3387	533		460	64	2863	2927
3387	909		702	153	2532	2685
3388	540		474	63	2851	2914
3388	784		622	93	2673	2766
3389	655		542	85	2762	2847
3390	672		547	87	2756	2843
3390	669		547	87	2756	2843
3391	2978	685	235	2471	2706
3391	815		636	101	2654	2755
3392	2981	690	237	2465	2702
3392	971		746	171	2475	2646
3393	471		410	81	2902	2983
3393	988		756	175	2462	2637
3394	709		576	85	2733	2818
3395	887		685	143	2567	2710
3395	885		685	142	2568	2710
3396	355		295	82	3019	3101
3396	912		708	158	2530	2688
3396	942		724	171	2501	2672
3397	2338	262	46	3089	3135
3399	820		639	105	2655	2760
3399	816		636	101	2662	2763
3400	994		756	176	2468	2644
3400	982		755	173	2472	2645
3401	595		501	70	2830	2900
3402	876		684	139	2579	2718
3403	919		711	160	2532	2692
3404	2701	533	169	2702	2871
3404	668		547	87	2770	2857
3405	586		496	67	2842	2909
3406	2537	428	105	2873	2978
3407	880		684	140	2583	2723
3408	943		724	171	2513	2684
3409	2543	429	107	2873	2980
3410	2349	264	47	3099	3146
3411	2474	366	65	2980	3045
3411	835		647	113	2651	2764
3412	944		724	171	2517	2688
3413	946		728	171	2514	2685
3413	948		728	172	2513	2685
3415	2213	154	30	3231	3261
3415	984		755	174	2486	2660
3415	150		132	27	3256	3283
3415	688		557	88	2770	2858
3416	261		219	62	3135	3197
3416	796		625	95	2696	2791
3416	285		239	64	3113	3177
3418	961		745	170	2503	2673
3418	558		478	66	2874	2940
3419	854		657	121	2641	2762
3419	462		382	91	2946	3037
3421	954		736	169	2516	2685
3422	231		192	294	2936	3230
3424	733		585	89	2750	2839
3426	2767	555	185	2686	2871
3427	2769	555	186	2686	2872
3432	2480	377	66	2989	3055
3432	888		685	143	2604	2747
3437	2781	572	186	2679	2865
3450	2417	328	59	3063	3122
3451	2792	591	188	2672	2860
3456	2803	593	191	2672	2863
3456	2804	593	191	2672	2863
3463	2812	601	194	2668	2862
3473	2318	243	43	3187	3230
3475	2370	287	49	3139	3188
3480	2505	398	73	3009	3082
3481	2508	398	74	3009	3083
3482	2602	473	144	2865	3009
3486	2611	474	146	2866	3012
3497	2288	210	39	3248	3287
3507	2895	646	212	2649	2861
3509	2652	493	154	2862	3016
3516	2432	352	59	3105	3164
3522	2664	500	159	2863	3022
3528	2374	303	51	3174	3225
3528	2931	669	224	2635	2859
3531	2671	512	159	2860	3019
3534	2678	513	160	2861	3021
3537	2951	677	232	2628	2860
3538	2953	678	233	2627	2860
3539	2957	678	234	2627	2861
3546	2970	684	234	2628	2862
3551	2980	690	237	2624	2861
3554	2680	527	164	2863	3027
3558	2684	527	165	2866	3031
3571	2709	534	170	2867	3037
3572	2538	428	106	3038	3144
3574	2348	264	47	3263	3310
3575	2720	538	174	2863	3037
3576	2473	366	65	3145	3210
3577	2721	541	175	2861	3036
3583	2176	126	27	3430	3457
3584	2352	267	47	3270	3317
3587	2739	548	181	2858	3039
3593	2268	188	37	3368	3405
3594	2272	188	38	3368	3406
3595	2757	553	183	2859	3042
3595	2759	553	183	2859	3042
3597	2763	555	184	2858	3042
3601	2548	442	116	3043	3159
3602	2401	320	56	3226	3282
3604	2404	320	57	3227	3284
3605	2405	320	57	3228	3285
3606	2777	572	185	2849	3034
3610	2310	231	43	3336	3379
3618	2491	387	66	3165	3231
3623	2358	281	48	3294	3342
3626	2809	594	192	2840	3032
3636	2594	465	142	3029	3171
3642	2369	287	48	3307	3355
3644	2598	471	143	3030	3173
3647	2506	398	73	3176	3249
3655	2627	476	149	3030	3179
3655	2322	247	44	3364	3408
3658	2632	483	149	3026	3175
3660	2862	635	204	2821	3025
3661	2866	635	205	2821	3026
3664	2639	490	151	3023	3174
3666	2878	643	210	2813	3023
3667	2881	643	210	2814	3024
3670	2650	491	154	3025	3179
3673	2654	493	155	3025	3180
3678	2251	176	38	3464	3502
3679	2913	655	218	2806	3024
3690	2932	669	225	2796	3021
3692	2670	512	159	3021	3180
3695	2379	306	51	3338	3389
3699	2444	358	62	3279	3341
3702	2962	682	234	2786	3020
3702	2963	682	234	2786	3020
3704	2385	307	52	3345	3397
3707	2979	685	236	2786	3022
3718	2457	362	64	3292	3356
3719	2340	262	46	3411	3457
3720	2693	532	167	3021	3188
3731	2262	182	39	3510	3549
3734	2728	543	177	3014	3191
3736	2732	543	179	3014	3193
3737	2354	267	47	3423	3470
3740	2740	548	181	3011	3192
3740	2741	548	181	3011	3192
3741	2395	316	55	3370	3425
3747	2274	189	38	3520	3558
3747	2764	555	184	3008	3192
3751	2776	558	187	3006	3193
3751	2549	442	116	3193	3309
3755	2782	572	187	2996	3183
3756	2487	381	65	3310	3375
3763	2570	450	129	3184	3313
3768	2796	591	189	2988	3177
3774	2577	459	136	3179	3315
3774	2579	459	136	3179	3315
3777	2586	460	139	3178	3317
3779	2138	108	30	3641	3671
3784	2827	609	195	2980	3175
3789	2841	616	199	2974	3173
3791	2509	398	74	3319	3393
3793	2607	473	146	3174	3320
3797	2623	476	148	3173	3321
3802	2865	635	204	2963	3167
3803	2867	635	205	2963	3168
3806	2879	643	210	2953	3163
3808	2886	644	210	2954	3164
3811	2422	349	58	3404	3462
3811	2424	349	59	3403	3462
3814	2899	651	215	2948	3163
3818	2659	500	158	3160	3318
3821	2921	659	219	2943	3162
3825	2161	120	28	3677	3705
3826	2162	120	28	3678	3706
3832	2947	677	231	2924	3155
3835	2384	306	52	3477	3529
3837	2334	260	46	3531	3577
3849	2689	528	166	3155	3321
3876	2768	555	185	3136	3321
3880	2778	572	185	3123	3308
3882	2488	381	65	3436	3501
3885	2567	450	127	3308	3435
3898	2580	459	136	3303	3439
3902	2228	167	32	3703	3735
3904	2819	608	194	3102	3296
3912	2846	616	200	3096	3296
3912	2848	619	201	3092	3293
3922	2861	635	203	3084	3287
3923	2871	640	206	3077	3283
3924	2640	490	151	3283	3434
3926	2887	644	211	3071	3282
3928	2889	646	211	3071	3282
3934	2433	352	59	3523	3582
3935	2917	659	218	3058	3276
3942	2933	669	225	3048	3273
3949	2331	260	46	3643	3689
3952	2205	150	30	3772	3802
3957	2984	690	238	3029	3267
3961	2682	527	165	3269	3434
3965	2465	363	64	3538	3602
3968	2534	428	104	3436	3540
3974	2542	429	107	3438	3545
3978	2727	541	178	3259	3437
3981	2736	548	180	3253	3433
3984	2398	316	55	3613	3668
3987	2271	188	38	3761	3799
3988	2766	555	185	3248	3433
3990	2477	377	65	3548	3613
3992	2779	572	186	3234	3420
3994	2313	231	44	3719	3763
3995	2408	324	58	3613	3671
4007	2574	459	135	3413	3548
4008	2575	459	135	3414	3549
4009	2581	460	138	3411	3549
4015	2235	168	33	3814	3847
4016	2828	609	196	3211	3407
4017	2366	287	48	3682	3730
4018	2596	471	143	3404	3547
4019	2597	471	143	3405	3548
4022	2853	619	201	3202	3403
4022	2608	473	146	3403	3549
4023	2510	398	75	3550	3625
4025	2619	475	147	3403	3550
4026	2624	476	148	3402	3550
4028	2631	483	149	3396	3545
4038	2909	652	216	3170	3386
4045	2524	413	90	3542	3632
4052	2956	678	234	3140	3374
4053	2959	682	233	3138	3371
4057	2450	361	62	3634	3696
4060	2454	361	63	3636	3699
4062	2988	692	240	3130	3370
4064	2690	528	167	3369	3536
4065	2692	528	167	3370	3537
4066	2459	362	64	3640	3704
4066	2464	363	64	3639	3703
4067	2696	532	167	3368	3535
4070	2996	702	241	3127	3368
4080	2351	267	46	3767	3813
4081	2394	316	54	3711	3765
4085	2754	550	183	3352	3535
4085	2755	550	184	3351	3535
4089	2557	446	124	3519	3643
4098	2416	328	59	3711	3770
4098	2791	591	188	3319	3507
4099	2497	389	66	3644	3710
4100	2500	389	66	3645	3711
4102	2806	594	191	3317	3508
4104	2584	460	139	3505	3644
4105	2813	601	194	3310	3504
4108	2820	608	194	3306	3500
4109	2824	608	195	3306	3501
4109	2236	168	34	3907	3941
4111	2836	612	199	3300	3499
4113	2852	619	201	3293	3494
4115	2621	475	148	3492	3640
4121	2885	644	210	3267	3477
4123	2890	646	211	3266	3477
4124	2657	493	155	3476	3631
4124	2896	651	213	3260	3473
4125	2901	651	215	3259	3474
4129	2918	659	218	3252	3470
4131	2517	412	88	3631	3719
4132	2929	661	222	3249	3471
4133	2371	303	50	3780	3830
4134	2434	354	60	3720	3780
4134	2439	354	61	3719	3780
4135	2665	512	157	3466	3623
4137	2941	672	228	3237	3465
4140	2960	682	233	3225	3458
4141	2335	260	46	3835	3881
4144	2448	361	62	3721	3783
4147	2336	262	46	3839	3885
4152	2533	428	104	3620	3724
4153	2703	533	169	3451	3620
4159	2724	541	176	3442	3618
4167	2771	558	185	3424	3609
4180	2802	593	191	3396	3587
4183	2818	601	196	3386	3582
4183	2588	465	140	3578	3718
4185	2829	609	196	3380	3576
4186	2599	471	143	3572	3715
4191	2633	483	150	3558	3708
4193	2644	491	151	3551	3702
4194	2875	643	209	3342	3551
4194	2883	644	210	3340	3550
4196	2653	493	155	3548	3703
4198	2431	352	59	3787	3846
4204	2940	672	226	3306	3532
4205	2380	306	51	3848	3899
4205	2945	677	230	3298	3528
4209	2977	685	235	3289	3524
4210	2452	361	62	3787	3849
4211	2982	690	238	3283	3521
4218	2704	533	170	3515	3685
4220	2712	534	171	3515	3686
4221	2540	429	107	3685	3792
4229	2750	550	183	3496	3679
4229	2751	550	183	3496	3679
4230	2773	558	186	3486	3672
4232	2481	377	66	3789	3855
4232	2403	320	57	3855	3912
4239	2572	450	129	3660	3789
4239	2495	387	66	3786	3852
4256	2513	412	87	3757	3844
4257	2660	500	158	3599	3757
4258	2920	659	219	3380	3599
4258	2922	659	219	3380	3599
4266	2453	361	63	3842	3905
4269	2339	262	46	3961	4007
4271	2532	428	104	3739	3843
4275	2719	538	174	3563	3737
4278	2734	543	179	3556	3735
4279	2392	316	54	3909	3963
4280	2742	549	181	3550	3731
4280	2743	549	182	3549	3731
4282	2760	553	184	3545	3729
4284	2561	447	125	3712	3837
4285	2409	324	59	3902	3961
4286	2568	450	127	3709	3836
4291	2798	593	190	3508	3698
4291	2799	593	190	3508	3698
4292	2800	593	190	3509	3699
4293	2583	460	138	3695	3833
4294	2817	601	195	3498	3693
4297	2845	616	200	3481	3681
4297	2851	619	201	3477	3678
4299	2617	475	147	3677	3824
4301	2634	483	150	3668	3818
4306	2662	500	159	3647	3806
4307	2926	661	221	3425	3646
4307	2930	661	223	3423	3646
4309	2677	513	160	3636	3796
4311	2961	682	233	3396	3629
4311	2969	684	234	3393	3627
4313	2526	424	99	3790	3889
4316	2691	528	167	3621	3788
4317	2700	533	168	3616	3784
4320	2716	538	174	3608	3782
4321	2723	541	176	3604	3780
4323	2730	543	177	3603	3780
4323	2731	543	177	3603	3780
4326	2780	572	186	3568	3754
4327	2407	324	58	3945	4003
4328	2787	579	188	3561	3749
4329	2790	579	189	3561	3750
4330	2569	450	129	3751	3880
4334	2591	465	140	3729	3869
4334	2592	465	142	3727	3869
4336	2610	474	146	3716	3862
4338	2859	632	204	3502	3706
4339	2868	640	206	3493	3699
4343	2919	659	219	3465	3684
4345	2950	677	231	3437	3668
4345	2958	678	235	3432	3667
4347	2987	692	239	3416	3655
4349	2683	527	165	3657	3822
4354	2737	548	180	3626	3806
4356	2775	558	186	3612	3798
4357	2562	447	126	3784	3910
4357	2786	579	188	3590	3778
4358	2789	579	189	3590	3779
4359	2414	328	59	3972	4031
4360	2808	594	191	3575	3766
4361	2576	459	136	3766	3902
4362	2831	609	197	3556	3753
4363	2612	474	147	3742	3889
4363	2856	632	203	3528	3731
4364	2858	632	204	3528	3732
4365	2872	640	206	3519	3725
4366	2898	651	215	3500	3715
4367	2903	652	215	3500	3715
4368	2935	669	225	3474	3699
4369	2938	672	226	3471	3697
4370	2972	684	235	3451	3686
4370	2974	685	235	3450	3685
4371	2990	692	240	3439	3679
4373	2699	532	168	3673	3841
4373	2999	702	241	3430	3671
4374	2706	533	170	3671	3841
4375	2711	534	171	3670	3841
4377	2746	549	182	3646	3828
4379	2571	450	129	3800	3929
4380	2814	601	195	3584	3779
4382	2888	644	211	3527	3738
4383	2912	655	218	3510	3728
4385	2992	692	240	3453	3693
4386	2707	534	170	3682	3852
4387	2722	541	175	3671	3846
4388	2747	549	182	3657	3839
4389	2774	558	186	3645	3831
4390	2793	591	189	3610	3799
4391	2857	632	204	3555	3759
4391	2648	491	154	3746	3900
4392	2906	652	216	3524	3740
4393	2985	690	238	3465	3703
4393	2695	532	167	3694	3861
4394	2536	428	105	3861	3966
4395	2496	387	66	3942	4008
4396	2949	677	231	3488	3719
4397	2725	541	177	3679	3856
4397	2726	541	177	3679	3856
4398	2842	616	199	3583	3782

Battle Result: Earth Army Wins!
Battle went on for 4398 timesteps!

Earth Army Stats: 
Total units (ES, ET, EG): 646, 149, 153
% of destructed units relative to total: (ES, ET, EG) 100%, 71.1409%, 56.8627% 
% of total destructed units relative to total: 88.5021%
% of total successfully healed units relative to total: 4.53586%
% of total infected Earth Soldiers relative to total: 17.6471% 
Average Df, Dd, Db: 67.8927, 1568.5, 1636.4
Df/Db %: 4.14892%
Dd/Db %: 95.8511%

Alien Army Stats: 
Total units (AS, AM, AD): 690, 200, 110
% of destructed units relative to total: (AS, AM, AD) 100%, 100%, 100%  
% of total destructed units relative to total: 100%
Average Df, Dd, Db: 73.522, 1839.58, 1913.1
Df/Db %: 3.84308%
Dd/Db %: 96.1569%
