Td	ID	  	Tj	Df	Dd	Db
16	2006	3	3	10	13
29	2017	14	0	15	15
38	38		27	11	0	11
39	24		22	17	0	17
40	2067	31	0	9	9
41	34		26	0	15	15
51	2068	31	0	20	20
58	30		26	0	32	32
63	2084	46	0	17	17
64	2082	43	0	21	21
66	83		56	0	10	10
76	2005	3	3	70	73
76	2039	21	3	52	55
81	2052	25	9	47	56
85	107		73	0	12	12
90	2009	10	0	80	80
94	2072	41	5	48	53
100	122		89	0	11	11
102	75		55	0	47	47
105	2148	94	0	11	11
106	3		6	8	92	100
110	31		26	1	83	84
116	2154	95	0	21	21
120	2092	47	18	55	73
120	52		37	1	82	83
121	2038	21	2	98	100
122	2004	3	4	115	119
123	2162	100	0	23	23
125	171		120	0	5	5
127	99		70	1	56	57
128	2037	21	6	101	107
135	2024	16	4	115	119
144	2179	133	0	11	11
146	2106	53	0	93	93
146	2176	133	0	13	13
149	2074	41	3	105	108
151	2109	53	4	94	98
154	2060	30	10	114	124
162	214		149	0	13	13
163	196		137	0	26	26
169	2140	89	0	80	80
170	141		104	19	47	66
179	35		26	95	58	153
186	2212	156	0	30	30
187	116		85	37	65	102
189	2151	94	10	85	95
189	2215	156	0	33	33
192	256		179	0	13	13
197	2090	46	4	147	151
200	2163	100	2	98	100
200	226		157	1	42	43
204	2167	100	14	90	104
206	2208	153	0	53	53
209	2260	191	0	18	18
213	269		200	0	13	13
225	268		200	14	11	25
226	251		176	0	50	50
235	237		166	0	69	69
240	188		129	0	111	111
241	2214	156	13	72	85
244	275		223	0	21	21
246	2170	121	5	120	125
249	187		129	111	9	120
250	2180	133	8	109	117
255	2249	177	0	78	78
255	2335	241	0	14	14
256	2203	153	3	100	103
256	2341	245	0	11	11
258	2123	69	6	183	189
261	2351	252	0	9	9
265	2316	236	0	29	29
266	2250	177	0	89	89
270	323		253	0	17	17
271	302		242	0	29	29
273	2248	177	7	89	96
278	2270	204	0	74	74
279	2367	267	0	12	12
283	347		274	0	9	9
293	2168	121	3	169	172
301	301		238	0	63	63
302	2364	267	0	35	35
302	380		295	0	7	7
305	303		242	4	59	63
311	2321	236	0	75	75
311	366		291	0	20	20
312	2339	245	13	54	67
314	2266	204	20	90	110
316	2394	304	0	12	12
317	2296	224	6	87	93
319	2330	241	3	75	78
321	2372	282	0	39	39
331	2302	226	5	100	105
332	394		311	0	21	21
347	2326	238	18	91	109
347	2283	220	0	127	127
348	2426	338	0	10	10
350	462		342	0	8	8
353	2254	178	1	174	175
357	2253	178	18	161	179
358	2251	177	7	174	181
358	449		339	0	19	19
359	2281	220	1	138	139
360	2345	249	0	111	111
361	2451	352	0	9	9
367	2454	352	0	15	15
370	484		363	0	7	7
372	469		346	0	26	26
374	373		293	9	72	81
375	477		359	0	16	16
378	447		335	0	43	43
381	2247	177	6	198	204
382	401		320	1	61	62
388	446		335	44	9	53
394	2500	384	0	10	10
398	2498	384	0	14	14
403	2357	261	8	134	142
404	2516	394	0	10	10
410	2493	374	0	36	36
415	2390	295	15	105	120
416	2462	359	0	57	57
419	2491	374	0	45	45
434	2385	295	13	126	139
436	2554	422	0	14	14
438	522		400	0	38	38
440	2382	285	11	144	155
440	574		422	0	18	18
443	2365	267	18	158	176
451	21		9	4	438	442
452	2546	421	0	31	31
453	518		393	0	60	60
456	564		421	0	35	35
457	2557	422	0	35	35
458	571		422	19	17	36
459	551		412	0	47	47
468	2591	438	0	30	30
468	2549	421	0	47	47
474	2448	352	16	106	122
475	2537	416	0	59	59
483	2440	345	2	136	138
489	2386	295	5	189	194
491	2471	362	4	125	129
492	622		470	0	22	22
496	686		483	0	13	13
499	2269	204	1	294	295
501	2632	477	0	24	24
505	675		482	0	23	23
513	669		480	0	33	33
514	2375	282	2	230	232
518	699		497	0	21	21
519	2297	224	16	279	295
524	2479	363	2	159	161
528	2369	267	18	243	261
535	733		527	0	8	8
542	2505	388	13	141	154
542	724		523	0	19	19
550	211		149	53	348	401
550	723		523	19	8	27
552	720		516	0	36	36
557	29		26	164	367	531
559	15		9	5	545	550
559	667		480	33	46	79
562	2727	545	0	17	17
564	2444	348	0	216	216
569	2725	545	0	24	24
571	14		7	2	562	564
583	2315	236	12	335	347
587	787		576	0	11	11
590	2421	338	10	242	252
591	769		563	0	28	28
591	771		566	0	25	25
592	759		560	0	32	32
600	2562	426	2	172	174
601	2539	420	3	178	181
615	843		606	0	9	9
616	2513	394	0	222	222
620	2548	421	9	190	199
621	839		602	0	19	19
628	847		606	0	22	22
630	2576	433	8	189	197
632	2515	394	8	230	238
637	2634	477	0	160	160
642	2495	374	6	262	268
646	2870	639	0	7	7
654	2599	439	2	213	215
657	2606	442	8	207	215
660	2883	649	0	11	11
663	2642	484	11	168	179
669	922		658	0	11	11
672	2452	352	0	320	320
673	885		639	0	34	34
674	910		648	0	26	26
681	2916	664	0	17	17
685	906		648	0	37	37
688	2461	353	19	316	335
694	931		662	1	31	32
696	2508	388	1	307	308
698	962		686	0	12	12
699	28		22	3	674	677
699	957		680	0	19	19
703	47		30	171	502	673
706	871		630	0	76	76
709	994		704	0	5	5
714	982		703	0	11	11
721	979		701	0	20	20
724	2474	362	5	357	362
725	2994	702	0	23	23
728	2996	702	0	26	26
728	76		55	147	526	673
734	2976	697	0	37	37
735	2603	442	42	251	293
737	2688	526	9	202	211
740	2985	699	0	41	41
741	2967	691	0	50	50
745	953		680	20	45	65
749	2611	444	0	305	305
754	2833	605	3	146	149
755	947		679	0	76	76
758	2690	526	3	229	232
758	2948	686	0	72	72
760	2553	422	3	335	338
760	2936	683	0	77	77
764	944		678	0	86	86
771	2613	444	7	320	327
771	2564	426	17	328	345
777	935		677	0	100	100
778	2943	685	0	93	93
784	909		648	26	110	136
790	2423	338	6	446	452
793	2935	683	0	110	110
794	903		644	0	150	150
795	2913	664	0	131	131
799	549		412	47	340	387
800	2630	477	10	313	323
803	898		644	150	9	159
812	2648	489	58	265	323
814	2905	661	0	153	153
816	73		55	146	615	761
819	896		641	0	178	178
823	2925	682	0	141	141
823	876		633	0	190	190
828	2517	394	3	431	434
829	874		630	0	199	199
831	2906	661	0	170	170
834	327		253	126	455	581
835	2879	640	0	195	195
836	228		157	46	633	679
838	2552	421	8	409	417
839	2807	579	0	260	260
841	2811	579	5	257	262
844	2712	538	18	288	306
845	2898	655	0	190	190
847	2589	438	1	408	409
847	2873	639	0	208	208
848	2812	581	45	222	267
853	873		630	199	24	223
855	2776	572	13	270	283
855	2866	635	0	220	220
859	853		623	0	236	236
860	2908	661	8	191	199
863	2716	540	59	264	323
864	2754	565	4	295	299
864	2848	614	0	250	250
866	2849	614	0	252	252
871	639		475	18	378	396
875	2863	635	0	240	240
875	511		390	5	480	485
878	2746	563	14	301	315
878	2845	608	0	270	270
879	647		476	18	385	403
884	850		623	236	25	261
888	2838	605	2	281	283
890	2842	608	0	282	282
891	2584	434	8	449	457
892	2831	596	0	296	296
893	2702	535	30	328	358
893	2796	576	4	313	317
894	2829	596	0	298	298
895	2732	548	5	342	347
899	2681	517	5	377	382
903	2839	605	20	278	298
906	305		242	136	528	664
909	2808	579	18	312	330
909	848		623	261	25	286
910	2797	576	0	334	334
912	2670	501	30	381	411
913	2805	579	0	334	334
918	2734	548	1	369	370
920	2939	685	22	213	235
920	450		339	44	537	581
921	835		602	20	299	319
922	2633	477	5	440	445
924	2735	561	5	358	363
925	2990	701	90	134	224
926	2627	475	43	408	451
929	2619	462	16	451	467
938	2886	649	4	285	289
938	2798	578	0	360	360
939	2000	3	3	933	936
940	832		600	0	340	340
945	2794	576	0	369	369
946	823		595	0	351	351
947	749		536	5	406	411
949	2929	682	19	248	267
952	2998	702	1	249	250
953	707		506	8	439	447
958	703		506	7	445	452
961	777		566	35	360	395
966	821		595	351	20	371
969	763		560	0	409	409
970	2955	689	15	266	281
971	2927	682	10	279	289
974	2854	633	1	340	341
975	2931	683	2	290	292
976	2789	575	0	401	401
978	2718	540	0	438	438
978	765		563	37	378	415
981	2784	575	0	406	406
983	2960	690	10	283	293
983	772		566	34	383	417
984	2971	691	16	277	293
985	761		560	409	16	425
986	2958	689	8	289	297
986	2884	649	44	293	337
988	2982	699	34	255	289
988	2761	567	0	421	421
988	926		662	49	277	326
989	2999	702	20	267	287
990	2952	689	32	269	301
991	2860	633	21	337	358
992	2978	697	34	261	295
992	927		662	49	281	330
993	2997	702	26	265	291
993	2792	576	40	377	417
993	2974	697	21	275	296
999	758		560	426	13	439
1010	892		641	69	300	369
1011	2781	574	0	437	437
1012	664		478	0	534	534
1014	923		658	52	304	356
1016	995		705	8	303	311
1018	2719	540	0	478	478
1033	2714	540	472	21	493
1035	2713	538	0	497	497
1035	662		478	535	22	557
1044	2710	538	485	21	506
1046	2703	535	0	511	511
1047	656		477	0	570	570
1049	2711	538	0	511	511
1057	2706	535	0	522	522
1058	2686	526	0	532	532
1058	2668	501	0	557	557
1060	2696	533	0	527	527
1062	649		476	0	586	586
1067	2692	526	0	541	541
1068	2657	496	0	572	572
1082	2680	517	0	565	565
1085	2672	514	0	571	571
1089	635		474	0	615	615
1093	2645	489	0	604	604
1099	2435	345	0	754	754
1099	2641	484	0	615	615
1105	2635	477	0	628	628
1105	623		470	0	635	635
1115	2412	323	0	792	792
1115	2408	323	0	792	792
1119	621		470	636	13	649
1122	2430	344	0	778	778
1126	2310	227	0	899	899
1128	2361	261	0	867	867
1129	2294	224	0	905	905
1133	2406	323	784	26	810
1135	2205	153	0	982	982
1148	2298	224	0	924	924
1148	619		470	649	29	678
1165	2272	204	0	961	961
1166	2282	220	0	946	946
1166	2289	223	0	943	943
1166	2276	213	0	953	953
1168	2193	143	0	1025	1025
1168	613		469	0	699	699
1170	2129	74	0	1096	1096
1172	2149	94	0	1078	1078
1175	2135	78	0	1097	1097
1181	596		464	0	717	717
1184	2065	31	10	1143	1153
1190	2171	121	0	1069	1069
1197	2113	64	0	1133	1133
1197	532		405	0	792	792
1200	2141	89	0	1111	1111
1208	2054	25	0	1183	1183
1209	2057	30	0	1179	1179
1234	1		6	0	1228	1228
1469	16		9	3	1457	1460
1561	984		703	858	0	858
1898	2018	14	10	1874	1884
2011	39		27	7	1977	1984
2160	2031	20	15	2125	2140
2223	951		679	1544	0	1544
2223	6		6	1	2216	2217
2228	23		22	3	2203	2206
2276	2083	43	35	2198	2233
2559	2115	64	46	2449	2495
2630	2075	41	29	2560	2589
2709	81		56	14	2639	2653
2739	913		652	2087	0	2087
2744	2050	25	22	2697	2719
2929	5		6	0	2923	2923
2947	2027	16	14	2917	2931
3086	2015	14	8	3064	3072
3089	2078	43	33	3013	3046
3112	2045	24	20	3068	3088
3140	2096	47	39	3054	3093
3147	19		9	3	3135	3138
3147	56		37	10	3100	3110
3168	2053	25	23	3120	3143
3270	2010	10	4	3256	3260
3303	2107	53	43	3207	3250
3359	2165	100	65	3194	3259
3360	2056	30	25	3305	3330
3362	9		7	1	3354	3355
3366	2058	30	26	3310	3336
3377	2013	10	6	3361	3367
3393	2112	64	44	3285	3329
3446	54		37	9	3400	3409
3488	2126	74	47	3367	3414
3581	2049	25	22	3534	3556
3657	880		633	3024	0	3024
3706	2011	10	4	3692	3696
3709	863		629	3080	0	3080
3709	230		157	46	3506	3552
3735	137		99	25	3611	3636
3743	44		30	7	3706	3713
3764	22		22	3	3739	3742
3775	2354	252	134	3389	3523
3790	2025	16	12	3762	3774
3814	2003	3	5	3806	3811
3816	626		472	127	3217	3344
3829	113		85	24	3720	3744
3841	2257	178	97	3566	3663
3983	2177	133	69	3781	3850
3990	2047	24	21	3945	3966
4000	2088	46	36	3918	3954
4002	2400	317	156	3529	3685
4061	20		9	4	4048	4052
4076	2307	226	119	3731	3850
4092	90		66	16	4010	4026
4110	2019	14	11	4085	4096
4152	846		606	3546	0	3546
4179	2108	53	44	4082	4126
4254	8		7	1	4246	4247
4267	2243	174	96	3997	4093
4336	837		602	3734	0	3734
4343	2073	41	29	4273	4302
4344	2172	121	68	4155	4223
4405	2396	304	151	3950	4101
4419	2175	133	69	4217	4286
4419	2181	133	70	4216	4286
4432	2188	135	73	4224	4297
4434	2089	46	37	4351	4388
4451	2194	143	74	4234	4308
4499	2199	149	77	4273	4350
4517	2104	49	42	4426	4468
4519	2206	153	78	4288	4366
4519	2207	153	78	4288	4366
4527	2150	94	60	4373	4433
4555	41		27	8	4520	4528
4560	2158	95	63	4402	4465
4622	68		46	14	4562	4576
4623	70		46	15	4562	4577
4634	830		600	4034	0	4034
4635	140		99	27	4509	4536
4649	2237	165	93	4391	4484
4663	150		105	29	4529	4558
4673	2370	267	143	4263	4406
4686	2242	174	95	4417	4512
4713	2008	10	3	4700	4703
4718	27		22	4	4692	4696
4740	2381	285	146	4309	4455
4743	800		579	4164	0	4164
4769	794		577	4192	0	4192
4776	202		144	40	4592	4632
4777	120		89	24	4664	4688
4792	125		89	25	4678	4703
4806	216		149	41	4616	4657
4811	2079	43	33	4735	4768
4814	2134	78	49	4687	4736
4814	2137	78	50	4686	4736
4822	2043	24	19	4779	4798
4827	2044	24	19	4784	4803
4839	2086	46	35	4758	4793
4841	2399	317	155	4369	4524
4857	2142	89	55	4713	4768
4864	2144	89	56	4719	4775
4878	2656	496	262	4120	4382
4890	2425	338	162	4390	4552
4891	782		569	4322	0	4322
4891	65		46	13	4832	4845
4904	134		99	25	4780	4805
4909	2200	149	77	4683	4760
4935	2100	49	41	4845	4886
4949	2152	94	60	4795	4855
4958	2463	359	174	4425	4599
4999	762		560	4439	0	4439
5000	2012	10	5	4985	4990
5008	2221	161	83	4764	4847
5011	2337	245	130	4636	4766
5027	2343	249	131	4647	4778
5042	2501	384	188	4470	4658
5078	2235	165	92	4821	4913
5079	62		43	12	5024	5036
5085	82		56	14	5015	5029
5106	2028	20	14	5072	5086
5110	166		118	33	4959	4992
5122	219		153	42	4927	4969
5128	2116	64	46	5018	5064
5131	2117	64	47	5020	5067
5139	106		73	21	5045	5066
5143	169		120	33	4990	5023
5166	127		97	24	5045	5069
5181	754		550	4631	0	4631
5186	2574	433	222	4531	4753
5205	728		523	4682	0	4682
5205	151		105	29	5071	5100
5209	243		172	50	4987	5037
5218	2259	191	100	4927	5027
5232	705		506	4726	0	4726
5260	370		291	79	4890	4969
5266	2392	304	149	4813	4962
5279	2267	204	104	4971	5075
5285	2401	317	156	4812	4968
5293	2273	213	105	4975	5080
5316	2284	220	111	4985	5096
5321	299		238	64	5019	5083
5322	704		506	4816	0	4816
5348	2433	344	163	4841	5004
5351	2436	345	164	4842	5006
5351	59		43	12	5296	5308
5355	2314	227	120	5008	5128
5387	2216	156	80	5151	5231
5387	2020	14	11	5362	5373
5390	679		482	4908	0	4908
5403	2159	95	63	5245	5308
5408	2329	241	128	5039	5167
5410	2334	241	129	5040	5169
5415	2219	161	82	5172	5254
5425	174		120	34	5271	5305
5441	677		482	4959	0	4959
5466	341		272	70	5124	5194
5489	661		478	5011	0	5011
5494	652		477	5017	0	5017
5497	2233	165	92	5240	5332
5500	2026	16	13	5471	5484
5503	274		223	59	5221	5280
5514	2066	31	29	5454	5483
5515	2002	3	4	5508	5512
5516	2366	267	142	5107	5249
5563	2034	20	17	5526	5543
5582	2566	426	214	4942	5156
5586	2125	69	48	5469	5517
5586	2036	21	18	5547	5565
5606	2070	41	28	5537	5565
5620	396		311	85	5224	5309
5622	2593	438	233	4951	5184
5625	124		89	24	5512	5536
5639	2924	682	361	4596	4957
5661	651		476	5185	0	5185
5692	2048	24	22	5646	5668
5707	2278	213	107	5387	5494
5710	2411	323	157	5230	5387
5710	436		332	95	5283	5378
5711	2095	47	39	5625	5664
5713	650		476	5237	0	5237
5716	2190	143	73	5500	5573
5718	2195	143	74	5501	5575
5730	2292	223	112	5395	5507
5736	2661	499	264	4973	5237
5739	645		476	5263	0	5263
5762	642		475	5287	0	5287
5766	2313	227	120	5419	5539
5767	636		474	5293	0	5293
5772	2442	348	167	5257	5424
5773	2443	348	168	5257	5425
5778	2201	149	78	5551	5629
5783	2455	353	172	5258	5430
5786	2457	353	173	5260	5433
5792	2693	533	280	4979	5259
5795	25		22	4	5769	5773
5798	603		468	5330	0	5330
5800	283		227	60	5513	5573
5802	2213	156	80	5566	5646
5816	2155	95	61	5660	5721
5819	601		464	5355	0	5355
5825	592		459	5366	0	5366
5827	577		443	5384	0	5384
5847	2342	245	131	5471	5602
5861	386		298	84	5479	5563
5867	2349	249	133	5485	5618
5872	297		238	64	5570	5634
5873	576		443	5430	0	5430
5873	57		43	11	5819	5830
5885	2350	252	133	5500	5633
5896	2806	579	321	4996	5317
5898	2504	388	191	5319	5510
5898	2813	581	321	4996	5317
5899	2814	581	322	4996	5318
5918	2828	596	332	4990	5322
5925	2063	31	28	5866	5894
5928	512		393	5535	0	5535
5935	509		390	5545	0	5545
5953	2545	420	205	5328	5533
5973	111		73	21	5879	5900
5979	2875	640	352	4987	5339
5981	2878	640	353	4988	5341
5985	508		390	5595	0	5595
5986	128		97	25	5864	5889
6019	348		274	72	5673	5745
6023	2041	21	20	5982	6002
6037	2602	442	236	5359	5595
6054	88		66	16	5972	5988
6056	33		26	6	6024	6030
6058	2959	690	373	4995	5368
6071	194		137	38	5896	5934
6082	507		390	5692	0	5692
6082	840		602	167	5313	5480
6088	491		373	5715	0	5715
6097	670		480	133	5484	5617
6102	257		179	54	5869	5923
6107	2629	475	249	5383	5632
6107	2405	317	158	5632	5790
6109	483		359	5750	0	5750
6109	384		295	82	5732	5814
6110	2091	47	37	6026	6063
6112	480		359	5753	0	5753
6118	389		298	84	5736	5820
6126	2191	143	73	5910	5983
6132	2646	489	256	5387	5643
6132	505		390	107	5635	5742
6137	475		354	5783	0	5783
6143	514		393	109	5641	5750
6145	2653	496	260	5389	5649
6145	310		243	67	5835	5902
6165	213		149	41	5975	6016
6169	2305	226	118	5825	5943
6184	319		251	67	5866	5933
6188	471		354	5834	0	5834
6202	12		7	1	6194	6195
6205	2699	533	282	5390	5672
6208	2466	359	176	5673	5849
6210	2322	238	122	5850	5972
6210	2323	238	122	5850	5972
6228	745		536	148	5544	5692
6239	2217	161	81	5997	6078
6246	468		346	5900	0	5900
6248	2741	561	295	5392	5687
6255	2749	565	300	5390	5690
6267	448		335	5932	0	5932
6276	767		563	154	5559	5713
6293	473		354	100	5839	5939
6294	149		105	29	6160	6189
6298	2799	578	319	5401	5720
6310	2822	582	327	5401	5728
6312	2229	163	89	6060	6149
6319	89		66	16	6237	6253
6332	192		137	38	6157	6195
6338	440		332	6006	0	6006
6344	414		325	6019	0	6019
6349	2528	413	196	5740	5936
6358	2852	614	342	5402	5744
6360	2853	614	343	5403	5746
6361	2535	416	199	5746	5945
6362	2536	416	200	5746	5946
6362	253		179	53	6130	6183
6364	2256	178	96	6090	6186
6375	2858	633	345	5397	5742
6376	2007	10	2	6364	6366
6399	2120	69	47	6283	6330
6403	2122	69	48	6286	6334
6409	206		145	40	6224	6264
6414	399		311	86	6017	6103
6417	2896	655	353	5409	5762
6422	2071	41	29	6352	6381
6437	316		251	67	6119	6186
6437	318		251	67	6119	6186
6444	387		298	6146	0	6146
6446	2923	678	361	5407	5768
6447	364		290	6157	0	6157
6456	11		7	1	6448	6449
6463	2387	295	149	6019	6168
6464	2946	686	371	5407	5778
6468	224		153	43	6272	6315
6472	2954	689	373	5410	5783
6475	357		288	6187	0	6187
6488	2133	78	48	6362	6410
6494	2981	699	382	5413	5795
6495	340		272	6223	0	6223
6497	2397	304	152	6041	6193
6498	2398	304	153	6041	6194
6506	989		704	204	5598	5802
6509	2046	24	21	6464	6485
6513	338		272	69	6172	6241
6524	2636	477	251	5796	6047
6534	332		268	6266	0	6266
6540	2640	484	256	5800	6056
6543	2644	489	256	5798	6054
6552	154		105	29	6418	6447
6555	2417	336	160	6059	6219
6566	312		243	6323	0	6323
6568	2197	149	76	6343	6419
6573	2428	344	161	6068	6229
6574	616		469	125	5980	6105
6578	2439	345	165	6068	6233
6578	2308	227	119	6232	6351
6584	2678	514	274	5796	6070
6596	259		179	6417	0	6417
6600	2055	25	24	6551	6575
6609	2705	535	283	5791	6074
6616	2717	540	287	5789	6076
6621	250		176	6445	0	6445
6621	861		625	173	5823	5996
6625	221		153	6472	0	6472
6627	868		629	175	5823	5998
6630	392		298	85	6247	6332
6634	96		68	18	6548	6566
6640	180		121	6519	0	6519
6642	2490	374	184	6084	6268
6642	700		497	140	6005	6145
6655	173		120	6535	0	6535
6658	2223	161	84	6413	6497
6679	535		406	111	6162	6273
6690	167		118	6572	0	6572
6702	2810	579	321	5802	6123
6703	158		110	6593	0	6593
6704	2506	388	192	6124	6316
6706	2509	388	193	6125	6318
6709	153		105	6604	0	6604
6712	955		680	194	5838	6032
6719	2166	100	65	6554	6619
6722	172		120	34	6568	6602
6726	2827	596	331	5799	6130
6737	152		105	6632	0	6632
6738	2001	3	4	6731	6735
6739	752		550	148	6041	6189
6752	2029	20	15	6717	6732
6753	2850	614	341	5798	6139
6756	2255	178	96	6482	6578
6758	148		105	6653	0	6653
6772	189		129	36	6607	6643
6774	2033	20	16	6738	6754
6776	136		99	6677	0	6677
6776	781		569	156	6051	6207
6778	132		97	6681	0	6681
6786	2377	282	143	6361	6504
6787	2560	426	210	6151	6361
6793	123		89	6704	0	6704
6824	119		85	6739	0	6739
6829	118		85	6744	0	6744
6838	2597	439	235	6164	6399
6870	2957	689	374	5807	6181
6871	108		73	6798	0	6798
6871	40		27	7	6837	6844
6873	2962	690	374	5809	6183
6874	2964	690	375	5809	6184
6884	2393	304	149	6431	6580
6888	2042	24	19	6845	6864
6891	84		56	6835	0	6835
6912	2409	323	156	6433	6589
6917	2637	484	254	6179	6433
6921	543		408	112	6401	6513
6930	2413	336	158	6436	6594
6942	2099	49	40	6853	6893
6944	417		325	92	6527	6619
6959	2684	517	275	6167	6442
6962	2102	49	41	6872	6913
6971	2459	353	173	6445	6618
6973	2153	94	61	6818	6879
6975	2318	236	121	6618	6739
6990	2475	362	180	6448	6628
6994	998		705	205	6084	6289
7012	49		30	8	6974	6982
7014	2494	374	184	6456	6640
7016	779		569	156	6291	6447
7016	784		569	156	6291	6447
7019	2738	561	292	6166	6458
7020	7		6	1	7013	7014
7020	144		104	27	6889	6916
7022	2336	245	130	6647	6777
7025	788		576	156	6293	6449
7026	791		576	157	6293	6450
7043	2768	569	307	6167	6474
7047	814		589	162	6296	6458
7048	817		589	164	6295	6459
7062	193		137	38	6887	6925
7069	836		602	167	6300	6467
7074	638		475	129	6470	6599
7077	648		476	131	6470	6601
7080	659		478	132	6470	6602
7081	2022	16	11	7054	7065
7106	290		236	62	6808	6870
7110	2840	608	337	6165	6502
7115	266		181	56	6878	6934
7115	296		238	63	6814	6877
7117	695		497	140	6480	6620
7120	2533	416	198	6506	6704
7123	2258	178	97	6848	6945
7127	2544	420	205	6502	6707
7132	315		243	67	6822	6889
7133	702		506	140	6487	6627
7141	915		652	185	6304	6489
7154	2885	649	350	6155	6505
7162	2384	285	147	6730	6877
7169	2579	433	224	6512	6736
7173	2583	434	227	6512	6739
7175	2586	434	229	6512	6741
7182	2596	439	234	6509	6743
7195	2928	682	363	6150	6513
7198	561		421	115	6662	6777
7201	966		686	196	6319	6515
7205	2610	444	239	6522	6761
7208	112		73	22	7113	7135
7211	2615	444	241	6526	6767
7215	2951	686	372	6157	6529
7218	756		550	149	6519	6668
7220	2014	14	7	7199	7206
7224	51		37	9	7178	7187
7225	2965	690	375	6160	6535
7226	330		268	69	6889	6958
7228	2080	43	34	7151	7185
7230	2973	697	378	6155	6533
7233	55		37	10	7186	7196
7236	342		272	71	6893	6964
7236	339		272	70	6894	6964
7238	2992	701	387	6150	6537
7238	578		443	118	6677	6795
7249	146		104	28	7117	7145
7251	2183	135	71	7045	7116
7251	789		576	156	6519	6675
7262	478		359	101	6802	6903
7264	86		66	15	7183	7198
7272	2649	489	257	6526	6783
7272	2285	220	111	6941	7052
7273	2146	89	58	7126	7184
7281	2416	336	160	6785	6945
7284	2419	336	161	6787	6948
7290	627		472	127	6691	6818
7295	26		22	4	7269	7273
7299	841		606	168	6525	6693
7301	2438	345	164	6792	6956
7302	117		85	24	7193	7217
7308	2677	514	274	6520	6794
7310	2682	517	275	6518	6793
7314	683		483	135	6696	6831
7321	385		295	83	6943	7026
7332	2708	538	285	6509	6794
7347	201		144	39	7164	7203
7355	2487	372	183	6800	6983
7357	2218	161	81	7115	7196
7384	537		406	111	6867	6978
7385	928		662	188	6535	6723
7388	541		408	111	6869	6980
7393	325		253	68	7072	7140
7399	2778	574	313	6512	6825
7410	737		532	146	6732	6878
7412	950		679	193	6540	6733
7425	2823	582	327	6516	6843
7431	17		9	3	7419	7422
7432	2234	165	92	7175	7267
7438	2518	397	194	6847	7041
7442	69		46	15	7381	7396
7445	990		704	205	6536	6741
7447	2059	30	27	7390	7417
7448	336		268	70	7110	7180
7449	135		99	25	7325	7350
7460	463		346	99	7015	7114
7475	241		172	49	7254	7303
7482	245		172	50	7260	7310
7488	2561	426	211	6851	7062
7501	2121	69	47	7385	7432
7502	246		176	51	7275	7326
7514	655		477	132	6905	7037
7523	2581	434	226	6863	7089
7524	255		179	54	7291	7345
7529	2076	41	30	7458	7488
7536	93		68	18	7450	7468
7537	289		236	61	7240	7301
7538	501		382	106	7050	7156
7550	694		497	140	6913	7053
7555	895		641	180	6734	6914
7559	2926	682	362	6515	6877
7560	309		243	66	7251	7317
7561	900		644	183	6734	6917
7565	2128	74	48	7443	7491
7566	2940	685	368	6513	6881
7569	907		648	184	6737	6921
7580	2016	14	9	7557	7566
7580	2077	43	33	7504	7537
7583	2081	43	34	7506	7540
7588	929		662	188	6738	6926
7589	320		251	68	7270	7338
7598	547		412	112	7074	7186
7603	734		527	146	6930	7076
7619	559		420	115	7084	7199
7644	2658	499	263	6882	7145
7654	2198	149	76	7429	7505
7656	2301	226	116	7314	7430
7666	350		274	72	7320	7392
7670	2441	348	166	7156	7322
7673	236		166	48	7459	7507
7676	239		172	49	7455	7504
7683	278		223	60	7400	7460
7684	279		223	60	7401	7461
7691	2698	533	281	6877	7158
7692	602		464	121	7107	7228
7721	2728	548	289	6884	7173
7729	2485	372	180	7177	7357
7732	691		484	138	7110	7248
7735	2740	561	293	6881	7174
7739	860		625	173	6941	7114
7750	2755	565	302	6883	7185
7765	126		89	25	7651	7676
7769	2772	572	310	6887	7197
7777	2786	575	315	6887	7202
7789	405		320	89	7380	7469
7795	2821	582	327	6886	7213
7803	2164	100	65	7638	7703
7805	416		325	92	7388	7480
7809	2362	261	138	7410	7548
7814	2239	174	94	7546	7640
7824	175		120	34	7670	7704
7829	272		200	58	7571	7629
7830	64		46	13	7771	7784
7831	2541	420	204	7207	7411
7840	133		97	25	7718	7743
7846	2857	633	345	6868	7213
7846	2371	282	142	7422	7564
7852	458		342	98	7412	7510
7858	766		563	153	7142	7295
7863	2880	640	353	6870	7223
7866	147		104	28	7734	7762
7879	2889	653	351	6875	7226
7881	810		585	162	7134	7296
7889	604		468	123	7298	7421
7897	828		600	166	7131	7297
7909	497		373	105	7431	7536
7912	2594	438	233	7241	7474
7915	2601	439	236	7240	7476
7920	37		27	6	7887	7893
7920	855		625	170	7125	7295
7925	2934	683	365	6877	7242
7929	2942	685	369	6875	7244
7930	2944	685	370	6875	7245
7934	2132	74	49	7811	7860
7942	200		144	39	7759	7798
7947	308		242	66	7639	7705
7954	210		145	41	7768	7809
7954	904		648	184	7122	7306
7959	100		70	20	7869	7889
7964	2625	475	247	7242	7489
7971	2407	323	156	7492	7648
7980	546		408	113	7459	7572
7986	2288	223	111	7652	7763
7988	2415	336	159	7493	7652
7993	2293	223	113	7657	7770
8005	959		680	195	7130	7325
8009	744		536	148	7325	7473
8021	2449	352	170	7499	7669
8025	227		157	46	7822	7868
8035	987		703	203	7129	7332
8046	46		30	8	8008	8016
8047	2478	363	180	7504	7684
8054	2157	95	62	7897	7959
8080	2753	565	302	7213	7515
8080	2105	53	43	7984	8027
8084	819		589	164	7331	7495
8085	191		137	38	7910	7948
8086	353		288	76	7722	7798
8088	355		288	77	7723	7800
8094	2347	249	132	7713	7845
8101	640		475	129	7497	7626
8105	657		477	132	7496	7628
8107	663		478	132	7497	7629
8121	2355	252	135	7734	7869
8128	2023	16	12	8100	8112
8133	2236	165	93	7875	7968
8136	2521	397	195	7544	7739
8151	902		644	183	7324	7507
8157	2526	413	196	7548	7744
8157	2529	413	197	7547	7744
8158	2531	413	198	7547	7745
8158	2241	174	94	7890	7984
8164	162		118	31	8015	8046
8171	2118	64	48	8059	8107
8181	412		322	91	7768	7859
8183	2862	635	349	7199	7548
8184	934		677	188	7319	7507
8185	2563	426	211	7548	7759
8190	942		678	191	7321	7512
8192	2568	430	217	7545	7762
8195	2571	430	219	7546	7765
8209	968		689	199	7321	7520
8226	992		704	205	7317	7522
8230	138		99	26	8105	8131
8230	139		99	26	8105	8131
8231	2588	438	230	7563	7793
8234	579		443	118	7673	7791
8245	142		104	27	8114	8141
8252	804		579	160	7513	7673
8261	2963	690	375	7196	7571
8262	487		363	102	7797	7899
8272	2983	699	383	7190	7573
8273	286		227	61	7985	8046
8280	834		602	166	7512	7678
8281	631		474	128	7679	7807
8281	632		474	128	7679	7807
8282	368		291	79	7912	7991
8286	155		110	29	8147	8176
8296	379		295	81	7920	8001
8299	690		484	138	7677	7815
8301	258		179	54	8068	8122
8321	97		68	19	8234	8253
8325	2424	338	162	7825	7987
8326	2665	501	268	7557	7825
8331	2427	344	161	7826	7987
8345	2685	517	276	7552	7828
8345	2445	348	169	7828	7997
8349	2101	49	41	8259	8300
8360	2147	94	59	8207	8266
8360	2210	156	79	8125	8204
8363	2694	533	280	7550	7830
8365	2211	156	80	8129	8209
8369	413		322	91	7956	8047
8374	2477	363	180	7831	8011
8374	2721	545	287	7542	7829
8376	939		678	190	7508	7698
8398	2742	563	297	7538	7835
8401	66		46	13	8342	8355
8406	2750	565	301	7540	7841
8471	2524	397	197	7877	8074
8478	2061	30	28	8420	8448
8478	2064	31	28	8419	8447
8482	390		298	85	8099	8184
8485	2240	174	94	8217	8311
8487	262		181	55	8251	8306
8494	2542	420	204	7870	8074
8500	2032	20	16	8464	8480
8508	103		70	20	8418	8438
8510	2877	640	353	7517	7870
8511	2035	21	17	8473	8490
8536	2904	661	356	7519	7875
8568	2941	685	368	7515	7883
8580	2966	691	376	7513	7889
8588	235		166	48	8374	8422
8590	795		577	158	7855	8013
8596	481		359	102	8135	8237
8598	2986	699	383	7516	7899
8599	2991	701	386	7512	7898
8601	2995	702	387	7512	7899
8607	2622	462	245	7900	8145
8610	610		469	124	8017	8141
8622	493		373	104	8145	8249
8622	660		478	132	8012	8144
8629	254		179	53	8397	8450
8630	682		483	135	8012	8147
8631	382		295	82	8254	8336
8643	2659	499	263	7881	8144
8662	2434	345	163	8154	8317
8665	209		145	40	8480	8520
8667	2312	227	120	8320	8440
8672	713		514	141	8017	8158
8674	2202	149	78	8447	8525
8691	2467	359	177	8155	8332
8701	109		73	21	8607	8628
8702	555		420	114	8168	8282
8715	428		331	94	8290	8384
8718	2739	561	293	7864	8157
8721	2338	245	131	8345	8476
8721	755		550	148	8023	8171
8724	978		701	201	7822	8023
8732	2757	567	302	7863	8165
8734	461		342	99	8293	8392
8753	595		459	120	8174	8294
8757	2783	574	315	7868	8183
8766	2353	252	134	8380	8514
8770	628		472	127	8171	8298
8772	2802	578	320	7874	8194
8776	2228	163	89	8524	8613
8790	159		110	30	8650	8680
8792	498		382	105	8305	8410
8816	313		243	67	8506	8573
8823	2030	20	15	8788	8803
8824	2551	421	206	8197	8403
8824	914		652	184	7988	8172
8828	2559	422	208	8198	8406
8840	2876	640	352	7848	8200
8853	2893	653	354	7846	8200
8856	2899	655	354	7847	8201
8860	954		680	194	7986	8180
8868	267		200	57	8611	8668
8868	110		73	21	8774	8795
8871	2587	434	230	8207	8437
8873	2173	121	68	8684	8752
8882	988		704	204	7974	8178
8890	2264	191	102	8597	8699
8905	2609	444	239	8222	8461
8912	2130	74	48	8790	8838
8912	598		464	120	8328	8448
8918	282		227	60	8631	8691
8922	2136	78	49	8795	8844
8923	284		227	61	8635	8696
8923	612		469	124	8330	8454
8935	494		373	105	8457	8562
8945	2087	46	36	8863	8899
8955	2274	213	106	8636	8742
8955	878		633	177	8145	8322
8956	2277	213	106	8637	8743
8958	883		639	179	8140	8319
8960	2093	47	38	8875	8913
8961	891		641	179	8141	8320
8962	304		242	66	8654	8720
8977	2652	496	260	8221	8481
8978	2098	49	40	8889	8929
8986	2295	224	115	8647	8762
8987	400		320	87	8580	8667
9001	2204	153	77	8771	8848
9005	956		680	195	8130	8325
9006	560		420	115	8471	8586
9007	2460	353	174	8480	8654
9020	2469	362	178	8480	8658
9023	225		157	46	8820	8866
9023	231		157	47	8819	8866
9029	2156	95	61	8873	8934
9030	334		268	70	8692	8762
9033	2729	548	289	8196	8485
9034	2730	548	290	8196	8486
9034	2731	548	291	8195	8486
9047	798		577	159	8311	8470
9050	2743	563	297	8190	8487
9070	831		600	166	8304	8470
9072	195		137	39	8896	8935
9080	2785	575	315	8190	8505
9083	2790	575	316	8192	8508
9085	678		482	134	8469	8603
9091	288		236	61	8794	8855
9094	866		629	174	8291	8465
9100	2230	163	89	8848	8937
9104	2232	165	91	8848	8939
9107	121		89	24	8994	9018
9111	2830	596	332	8183	8515
9113	2359	261	136	8716	8852
9117	2238	174	93	8850	8943
9119	2525	413	195	8511	8706
9122	63		43	13	9066	9079
9127	2114	64	44	9019	9063
9130	164		118	32	8980	9012
9144	2867	635	350	8159	8509
9150	2124	69	48	9033	9081
9153	2888	649	351	8153	8504
9158	2379	285	146	8727	8873
9159	2890	653	352	8154	8506
9166	2902	655	356	8155	8511
9183	2174	121	69	8993	9062
9188	232		166	47	8975	9022
9190	2263	191	102	8897	8999
9199	590		459	119	8621	8740
9211	2389	295	149	8767	8916
9211	607		468	124	8619	8743
9212	356		288	77	8847	8924
9226	2989	701	386	8139	8525
9229	2617	462	244	8523	8767
9250	203		144	40	9066	9106
9250	894		641	180	8429	8609
9259	523		400	109	8750	8859
9260	2290	223	111	8926	9037
9262	217		149	42	9071	9113
9264	919		658	187	8419	8606
9270	2666	501	269	8500	8769
9278	548		412	113	8753	8866
9286	2456	353	172	8761	8933
9292	2319	236	122	8934	9056
9294	2320	236	122	8936	9058
9296	2697	533	281	8482	8763
9301	2465	359	176	8766	8942
9301	971		689	199	8413	8612
9307	2470	362	178	8767	8945
9307	2472	362	178	8767	8945
9309	2473	362	179	8768	8947
9312	2722	545	287	8480	8767
9318	2160	95	63	9160	9223
9319	451		339	97	8883	8980
9321	2333	241	129	8951	9080
9325	2496	374	185	8766	8951
9336	2021	16	11	9309	9320
9340	2756	567	302	8471	8773
9352	620		470	127	8755	8882
9360	2499	384	188	8788	8976
9366	376		293	81	8992	9073
9374	94		68	18	9288	9306
9378	2803	578	320	8480	8800
9384	881		633	178	8573	8751
9385	2824	582	328	8475	8803
9392	2363	261	139	8992	9131
9393	2069	31	30	9332	9362
9400	525		400	109	8891	9000
9402	2847	614	341	8447	8788
9403	708		514	139	8750	8889
9408	920		658	187	8563	8750
9426	2881	640	354	8432	8786
9426	2119	69	46	9311	9357
9437	2575	433	222	8782	9004
9439	572		422	116	8901	9017
9446	2169	121	67	9258	9325
9458	457		342	98	9018	9116
9479	87		66	16	9397	9413
9483	608		468	124	8891	9015
9489	829		600	166	8723	8889
9491	643		475	130	8886	9016
9493	115		85	24	9384	9408
9512	2410	323	157	9032	9189
9512	2094	47	38	9427	9465
9533	531		405	110	9018	9128
9539	2662	499	264	8776	9040
9542	406		320	89	9133	9222
9544	2422	338	161	9045	9206
9545	2669	501	270	8774	9044
9545	168		118	33	9394	9427
9546	324		253	68	9225	9293
9548	2304	226	117	9205	9322
9555	2446	348	169	9038	9207
9562	2209	153	79	9330	9409
9565	2704	535	283	8747	9030
9571	2325	238	123	9210	9333
9572	2715	540	286	8746	9032
9586	2733	548	291	8747	9038
9595	2737	561	292	8742	9034
9605	2762	567	304	8734	9038
9607	2764	569	305	8733	9038
9608	488		363	102	9143	9245
9609	2344	249	131	9229	9360
9610	490		363	103	9144	9247
9612	606		468	123	9021	9144
9628	2779	574	313	8741	9054
9630	2787	575	316	8739	9055
9631	858		625	172	8834	9006
9632	92		68	18	9546	9564
9633	2226	163	87	9383	9470
9636	2795	576	319	8741	9060
9645	2818	581	323	8741	9064
9664	536		406	111	9147	9258
9664	534		406	110	9148	9258
9673	2246	177	96	9400	9496
9678	2859	633	346	8699	9045
9684	738		532	146	9006	9152
9686	2887	649	350	8687	9037
9699	2901	655	355	8689	9044
9700	431		331	94	9275	9369
9712	343		272	71	9369	9440
9713	48		30	8	9675	9683
9714	770		563	154	8997	9151
9729	2605	442	237	9050	9287
9737	2947	686	371	8680	9051
9739	91		66	16	9657	9673
9740	32		26	6	9708	9714
9753	842		606	169	8978	9147
9754	36		27	6	9721	9727
9759	2977	697	379	8683	9062
9767	2618	462	244	9061	9305
9770	2271	204	105	9461	9566
9777	2085	46	34	9697	9731
9784	2628	475	248	9061	9309
9785	2275	213	106	9466	9572
9786	2639	484	255	9047	9302
9787	2643	484	256	9047	9303
9787	2192	143	73	9571	9644
9787	2051	25	23	9739	9762
9790	2145	89	57	9644	9701
9798	2299	224	115	9459	9574
9798	718		516	143	9139	9282
9800	322		251	68	9481	9549
9801	544		408	112	9281	9393
9801	404		320	88	9393	9481
9804	328		253	68	9483	9551
9812	2103	49	42	9721	9763
9821	2700	535	282	9004	9286
9828	177		121	35	9672	9707
9831	2723	545	288	8998	9286
9838	459		342	99	9397	9496
9838	460		342	99	9397	9496
9839	45		30	7	9802	9809
9857	2748	563	300	8994	9294
9857	2751	565	301	8991	9292
9868	2763	569	304	8995	9299
9875	2502	384	189	9302	9491
9876	2777	574	313	8989	9302
9894	882		633	178	9083	9261
9896	58		43	11	9842	9853
9900	2062	30	28	9842	9870
9900	2368	267	142	9491	9633
9906	2841	608	338	8960	9298
9906	519		400	108	9398	9506
9916	2373	282	142	9492	9634
9917	2865	635	349	8933	9282
9928	2378	285	145	9498	9643
9928	2380	285	146	9497	9643
9931	2897	655	354	8922	9276
9934	2040	21	19	9894	9913
9938	2585	434	228	9276	9504
9945	2261	191	100	9654	9754
9946	969		689	199	9058	9257
9958	2604	442	237	9279	9516
9960	2265	191	103	9666	9769
9974	2388	295	149	9530	9679
9975	591		459	119	9397	9516
9976	803		579	159	9238	9397
9993	363		290	78	9625	9703
9998	666		480	133	9385	9518
10002	2623	475	245	9282	9527
10003	2624	475	246	9282	9528
10003	2626	475	248	9280	9528
10007	95		68	18	9921	9939
10016	2655	496	261	9259	9520
10020	893		641	180	9199	9379
10028	2303	226	117	9685	9802
10029	912		652	184	9193	9377
10030	2432	344	163	9523	9686
10033	2437	345	164	9524	9688
10036	2679	517	274	9245	9519
10038	545		408	113	9517	9630
10039	2447	348	170	9521	9691
10039	2450	352	170	9517	9687
10040	326		253	68	9719	9787
10046	2707	538	284	9224	9508
10047	2324	238	123	9686	9809
10047	932		677	188	9182	9370
10050	2331	241	128	9681	9809
10062	2752	565	301	9196	9497
10062	2110	53	45	9964	10009
10066	2765	569	305	9192	9497
10072	437		332	95	9645	9740
10080	993		704	205	9171	9376
10085	2791	576	319	9190	9509
10087	346		274	72	9741	9813
10099	240		172	49	9878	9927
10102	2514	394	192	9516	9708
10105	2826	596	331	9178	9509
10107	2360	261	137	9709	9846
10107	2834	605	336	9166	9502
10114	820		595	166	9353	9519
10123	2558	422	207	9494	9701
10126	2374	282	143	9701	9844
10128	2376	282	143	9703	9846
10130	2874	639	353	9138	9491
10134	499		382	106	9646	9752
10143	2900	655	354	9134	9488
10147	2907	661	357	9129	9486
10154	2592	438	233	9483	9716
10163	2608	442	238	9483	9721
10167	2937	683	365	9119	9484
10167	2612	444	240	9483	9723
10169	2949	686	372	9111	9483
10180	2178	133	70	9977	10047
10183	2182	135	70	9978	10048
10188	2404	317	157	9714	9871
10189	565		421	115	9653	9768
10191	2279	213	109	9869	9978
10192	2189	143	72	9977	10049
10200	976		701	200	9299	9499
10209	2414	336	159	9714	9873
10213	85		66	15	10132	10147
10214	797		577	159	9478	9637
10215	2663	499	265	9451	9716
10218	276		223	59	9936	9995
10223	2673	514	272	9437	9709
10232	2701	535	283	9414	9697
10239	2724	545	288	9406	9694
10239	2481	363	182	9694	9876
10243	2483	372	180	9691	9871
10243	2484	372	180	9691	9871
10246	2220	161	82	10003	10085
10251	875		630	177	9444	9621
10253	292		236	62	9955	10017
10255	2769	569	308	9378	9686
10257	506		390	107	9760	9867
10261	2225	163	86	10012	10098
10266	2497	384	188	9694	9882
10272	2801	578	319	9375	9694
10274	2815	581	322	9371	9693
10277	2819	582	325	9370	9695
10281	726		523	144	9614	9758
10283	2231	165	90	10028	10118
10286	10		7	1	10278	10279
10287	2832	596	334	9357	9691
10291	940		678	191	9422	9613
10302	573		422	117	9763	9880
10304	2543	420	204	9680	9884
10318	575		443	117	9758	9875
10320	2868	639	350	9331	9681
10326	2570	430	219	9677	9896
10332	482		359	103	9870	9973
10333	809		585	162	9586	9748
10335	281		227	59	10049	10108
10337	287		227	61	10049	10110
10337	617		470	126	9741	9867
10345	2580	433	224	9688	9912
10346	2903	661	355	9330	9685
10355	391		298	85	9972	10057
10364	208		145	40	10179	10219
10376	2972	691	378	9307	9685
10381	403		320	88	9973	10061
10383	2988	701	386	9296	9682
10383	729		527	145	9711	9856
10388	2186	135	72	10181	10253
10389	2403	317	157	9915	10072
10391	943		678	191	9522	9713
10392	2097	47	40	10305	10345
10394	2143	89	56	10249	10305
10406	432		331	95	9980	10075
10407	178		121	35	10251	10286
10416	757		560	152	9704	9856
10416	580		443	118	9855	9973
10417	2309	227	119	10071	10190
10423	470		354	100	9969	10069
10425	799		579	159	9687	9846
10431	614		469	124	9838	9962
10433	833		600	167	9666	9833
10434	2464	359	175	9900	10075
10443	2332	241	128	10074	10202
10444	2486	372	181	9891	10072
10445	692		484	138	9823	9961
10447	500		382	106	9959	10065
10448	2744	563	298	9587	9885
10449	504		382	107	9960	10067
10460	2224	163	85	10212	10297
10468	2227	163	88	10217	10305
10473	2510	388	193	9892	10085
10477	2161	100	64	10313	10377
10478	2520	397	194	9887	10081
10483	420		325	93	10065	10158
10485	2244	174	96	10215	10311
10490	2245	177	96	10217	10313
10496	2855	633	344	9519	9863
10507	183		129	35	10343	10378
10514	474		354	100	10060	10160
10518	813		589	162	9767	9929
10521	2894	653	354	9514	9868
10534	2598	439	235	9860	10095
10535	856		625	171	9739	9910
10552	2950	686	372	9494	9866
10554	77		55	14	10485	10499
10556	2970	691	377	9488	9865
10561	2984	699	383	9479	9862
10561	529		405	110	10046	10156
10568	2184	135	72	10361	10433
10569	553		412	114	10043	10157
10570	2402	317	156	10097	10253
10574	2287	223	110	10241	10351
10582	2311	227	119	10236	10355
10583	562		421	115	10047	10162
10584	2683	517	275	9792	10067
10593	2770	572	309	9712	10021
10601	445		335	97	10169	10266
10602	2837	605	337	9660	9997
10606	2252	178	96	10332	10428
10606	53		37	9	10560	10569
10614	2910	664	358	9592	9950
10624	2969	691	377	9556	9933
10624	2139	78	51	10495	10546
10625	2395	304	150	10171	10321
10625	479		359	102	10164	10266
10633	2674	514	273	9846	10119
10637	2695	533	281	9823	10104
10639	2709	538	285	9816	10101
10639	2327	238	123	10278	10401
10641	2726	545	288	9808	10096
10643	2340	245	131	10267	10398
10644	2111	53	45	10546	10591
10644	2766	569	306	9769	10075
10648	684		483	136	10029	10165
10649	2816	581	323	9745	10068
10650	2820	582	326	9742	10068
10650	2512	394	192	10064	10256
10653	2844	608	338	9707	10045
10655	503		382	107	10166	10273
10656	2538	416	200	10040	10240
10661	2383	285	147	10229	10376
10663	2578	433	224	10006	10230
10665	2912	664	358	9643	10001
10668	2918	678	358	9632	9990
10671	2127	74	47	10550	10597
10676	397		311	85	10280	10365
10677	2980	699	382	9596	9978
10679	2268	204	104	10371	10475
10680	2650	489	257	9934	10191
10680	2291	223	111	10346	10457
10682	2671	501	270	9911	10181
10686	2480	363	181	10142	10323
10688	2222	161	83	10444	10527
10689	2758	567	303	9819	10122
10690	2348	249	132	10309	10441
10691	2774	572	311	9808	10119
10692	2503	384	190	10118	10308
10693	2800	578	319	9796	10115
10696	2358	261	136	10299	10435
10696	2835	605	336	9755	10091
10701	2861	635	348	9718	10066
10704	2582	434	226	10044	10270
10706	2919	678	358	9670	10028
10706	2921	678	361	9667	10028
10710	2961	690	374	9646	10020
10713	2185	135	72	10506	10578
10714	2647	489	257	9968	10225
10717	2420	338	161	10218	10379
10717	2300	224	115	10378	10493
10719	2453	352	171	10196	10367
10725	2759	567	303	9855	10158
10730	2352	252	134	10344	10478
10730	2817	581	323	9826	10149
10731	2507	388	193	10150	10343
10731	2825	582	329	9820	10149
10734	2851	614	342	9778	10120
10735	2540	420	203	10112	10315
10736	2550	421	206	10109	10315
10737	433		331	95	10311	10406
10739	2567	430	216	10093	10309
10740	2572	430	219	10091	10310
10740	182		121	36	10583	10619
10746	2922	678	361	9707	10068
10750	2131	74	48	10628	10676
10751	2138	78	50	10623	10673
10757	2306	226	118	10413	10531
10759	2691	526	277	9956	10233
10761	2482	363	182	10216	10398
10762	2489	372	184	10206	10390
10764	793		577	158	10029	10187
10767	802		579	159	10029	10188
10771	2856	633	345	9793	10138
10773	2882	649	350	9774	10124
10777	358		290	77	10410	10487
10787	2987	701	385	9701	10086
10789	2286	220	112	10457	10569
10791	2429	344	162	10285	10447
10791	2431	344	162	10285	10447
10796	2346	249	132	10415	10547
10799	2356	252	135	10412	10547
10802	2527	413	196	10193	10389
10802	2530	413	197	10192	10389
10802	2532	416	197	10189	10386
10802	2534	416	199	10187	10386
10805	2872	639	352	9814	10166
10806	2891	653	353	9800	10153
10806	2895	653	355	9798	10153
10807	295		238	63	10506	10569
10812	890		641	179	9992	10171
10814	2956	689	373	9752	10125
10814	2968	691	377	9746	10123
10815	2975	697	378	9740	10118
10816	2620	462	245	10109	10354
10820	2667	501	269	10050	10319
10820	2196	149	75	10596	10671
10822	2476	363	180	10279	10459
10826	2522	397	196	10233	10429
10831	2573	430	220	10181	10401
10831	2892	653	354	9824	10178
10831	2577	433	223	10175	10398
10833	2595	439	233	10161	10394
10834	2920	678	359	9797	10156
10837	925		662	187	9988	10175
10839	2654	496	260	10083	10343
10841	2676	514	273	10054	10327
10841	2687	526	277	10038	10315
10842	2458	353	173	10316	10489
10842	2317	236	120	10486	10606
10843	329		253	68	10522	10590
10844	2767	569	307	9968	10275
10845	2780	574	314	9957	10271
10846	730		527	145	10174	10319
10849	2843	608	338	9903	10241
10849	2547	421	205	10223	10428
10849	2556	422	207	10220	10427
10851	2871	639	351	9861	10212
10852	2600	439	236	10177	10413
10852	2262	191	101	10560	10661
10854	2391	295	150	10409	10559
10857	2660	499	263	10095	10358
10859	2328	238	124	10497	10621
10862	2775	572	313	9977	10290
10865	2565	426	212	10227	10439
10867	2911	664	358	9845	10203
10867	2915	664	359	9844	10203
10868	2930	682	364	9822	10186
10869	2933	683	364	9822	10186
10871	2621	462	245	10164	10409
10872	2638	484	254	10134	10388
10873	2280	220	110	10543	10653
10874	2418	336	160	10378	10538
10875	2720	540	287	10048	10335
10877	2771	572	309	9996	10305
10878	434		331	95	10452	10547
10879	2782	574	314	9991	10305
10880	2809	579	321	9980	10301
10880	750		550	147	10183	10330
10881	2511	394	192	10295	10487
10882	2836	605	336	9941	10277
10882	2846	608	339	9935	10274
10883	2869	639	350	9894	10244
10883	2569	430	218	10235	10453
10883	67		46	14	10823	10837
10884	2914	664	359	9861	10220
10886	2938	685	367	9834	10201
10889	2187	135	73	10681	10754
10890	2651	496	259	10135	10394
10891	2492	374	184	10333	10517
10892	2736	561	291	10040	10331
10893	2804	578	320	9995	10315
10896	2909	661	358	9877	10235
10899	2675	514	273	10112	10385
10901	2760	567	303	10031	10334
10905	2917	678	357	9870	10227
10908	2993	701	387	9820	10207
10908	2616	462	243	10203	10446
10908	2631	477	251	10180	10431
10908	2664	499	265	10144	10409
10909	2488	372	183	10354	10537
10912	2555	422	206	10284	10490
10912	2864	635	349	9928	10277
10913	2607	442	238	10233	10471
10913	285		227	61	10625	10686
10915	2979	697	380	9838	10218
10915	2468	359	177	10379	10556
10916	365		291	79	10546	10625
10918	2793	576	319	10023	10342
10918	2519	397	194	10327	10521
10924	2953	689	373	9862	10235
10924	2689	526	277	10121	10398
10924	2747	563	300	10061	10361
10925	2788	575	316	10034	10350
10925	2523	397	197	10331	10528
10926	2614	444	241	10241	10482
10927	2745	563	299	10065	10364
10927	2590	438	232	10257	10489
10928	2945	686	371	9871	10242
10930	2932	683	363	9884	10247
10930	2773	572	310	10048	10358
10930	693		484	138	10308	10446

Battle Result: Earth Army Wins!
Battle went on for 10930 timesteps!

Earth Army Stats: 
Total units (ES, ET, EG): 695, 100, 136
% of destructed units relative to total: (ES, ET, EG) 63.3094%, 79%, 40.4412% 
% of total destructed units relative to total: 61.6541%
% of total successfully healed units relative to total: 3.43716%
% of total infected Earth Soldiers relative to total: 33.6691% 
Average Df, Dd, Db: 79.0331, 5847.07, 5926.11
Df/Db %: 1.33364%
Dd/Db %: 98.6664%

Alien Army Stats: 
Total units (AS, AM, AD): 748, 133, 119
% of destructed units relative to total: (AS, AM, AD) 100%, 100%, 100%  
% of total destructed units relative to total: 100%
Average Df, Dd, Db: 147.386, 5903.6, 6050.98
Df/Db %: 2.43574%
Dd/Db %: 97.5643%
