Td	ID	  	Tj	Df	Dd	Db
20	4		7	0	13	13
23	3		7	0	16	16
26	5		7	1	18	19
27	2009	10	0	17	17
31	7		16	0	15	15
32	9		16	0	16	16
36	10		16	0	20	20
45	28		37	0	8	8
51	2010	22	0	29	29
57	2041	41	0	16	16
59	21		33	1	25	26
60	2019	28	0	32	32
64	2014	22	1	41	42
68	2018	28	4	36	40
78	2039	37	3	38	41
79	2030	33	0	46	46
86	89		73	0	13	13
89	2068	79	0	10	10
94	2052	53	0	41	41
97	105		91	0	6	6
100	103		91	6	3	9
106	2047	42	1	63	64
107	65		62	32	13	45
112	124		106	0	6	6
113	80		69	0	44	44
115	53		52	42	21	63
116	75		66	0	50	50
123	126		118	0	5	5
125	2057	71	2	52	54
126	2093	108	0	18	18
129	2104	114	0	15	15
129	2077	94	0	35	35
136	2075	94	0	42	42
140	2049	42	2	96	98
144	2053	53	9	82	91
145	2002	7	0	138	138
156	2073	89	2	65	67
157	2058	71	12	74	86
159	2060	74	5	80	85
163	2124	126	5	32	37
164	2064	74	6	84	90
165	13		26	0	139	139
166	2098	109	2	55	57
167	2004	7	1	159	160
170	2067	79	0	91	91
170	2070	89	1	80	81
173	2078	94	0	79	79
173	2072	89	2	82	84
176	2100	114	3	59	62
178	2129	150	7	21	28
178	2103	114	4	60	64
179	2149	170	0	9	9
182	2008	10	2	170	172
187	2079	94	11	82	93
188	185		184	0	4	4
197	2178	182	0	15	15
197	2179	182	0	15	15
201	14		26	1	174	175
209	141		134	42	33	75
209	196		196	0	13	13
209	201		200	0	9	9
209	183		184	0	25	25
210	177		171	5	34	39
212	2122	126	3	83	86
216	2143	167	2	47	49
216	2145	170	0	46	46
218	184		184	0	34	34
221	226		215	0	6	6
222	2150	172	0	50	50
222	216		212	0	10	10
224	175		169	0	55	55
225	204		200	5	20	25
225	179		171	0	54	54
225	217		212	0	13	13
229	148		140	36	53	89
230	2006	10	2	218	220
231	162		167	0	64	64
233	174		169	56	8	64
237	158		151	0	86	86
239	2141	167	4	68	72
241	248		238	0	3	3
243	2225	225	0	18	18
245	149		140	0	105	105
247	152		141	0	106	106
249	249		238	0	11	11
252	2007	10	2	240	242
253	38		47	6	200	206
265	2003	7	0	258	258
267	2257	252	0	15	15
269	26		37	2	230	232
271	289		264	0	7	7
272	2249	243	0	29	29
278	271		253	0	25	25
282	2279	260	0	22	22
286	291		280	0	6	6
286	290		264	0	22	22
289	2157	176	3	110	113
289	2243	240	0	49	49
289	285		258	0	31	31
294	2300	279	0	15	15
298	304		293	0	5	5
304	301		293	5	6	11
306	281		258	0	48	48
314	2232	227	0	87	87
314	294		280	0	34	34
315	2184	189	1	125	126
316	2310	290	0	26	26
316	275		253	0	63	63
317	338		310	4	3	7
318	339		310	0	8	8
319	2195	205	6	108	114
325	326		301	0	24	24
325	280		257	0	68	68
325	272		253	0	72	72
326	269		251	0	75	75
327	2181	189	13	125	138
327	263		246	0	81	81
331	328		301	15	15	30
332	343		328	0	4	4
335	144		134	0	201	201
337	2220	222	0	115	115
337	30		37	3	297	300
337	146		140	108	89	197
339	2197	205	6	128	134
339	2221	222	0	117	117
341	132		127	0	214	214
345	2208	208	0	137	137
346	2228	225	1	120	121
346	2191	204	0	142	142
346	2156	176	0	170	170
347	2194	204	8	135	143
348	2224	222	3	123	126
358	2238	238	0	120	120
360	2252	251	1	108	109
366	2213	209	4	153	157
367	361		362	0	5	5
371	2244	240	13	118	131
373	2186	199	2	172	174
378	2369	362	0	16	16
381	2364	361	0	20	20
382	2203	206	3	173	176
385	2005	10	1	374	375
386	2326	298	2	86	88
390	2253	251	0	139	139
394	2337	327	9	58	67
400	2273	259	3	138	141
404	11		26	0	378	378
407	2251	251	0	156	156
409	2182	189	7	213	220
411	2258	252	4	155	159
413	2334	318	20	75	95
413	2278	260	8	145	153
417	2391	401	0	16	16
421	2347	339	4	78	82
433	2360	361	8	64	72
436	2295	274	2	160	162
437	2377	371	1	65	66
437	451		433	0	4	4
439	2340	333	4	102	106
440	2367	362	12	66	78
441	377		372	0	69	69
441	447		432	0	9	9
443	2001	7	0	436	436
443	2330	318	13	112	125
445	2318	294	10	141	151
447	2322	297	3	147	150
453	378		372	0	81	81
453	86		73	15	365	380
453	119		105	21	327	348
453	460		444	0	9	9
454	2314	290	0	164	164
455	2376	371	1	83	84
457	2343	333	21	103	124
457	458		444	3	10	13
460	457		444	9	7	16
461	2339	327	9	125	134
463	62		62	47	354	401
464	442		431	29	4	33
467	77		69	41	357	398
467	445		431	0	36	36
468	2297	274	17	177	194
469	2382	385	3	81	84
470	48		49	0	421	421
472	439		429	0	43	43
473	161		167	64	242	306
477	99		89	22	366	388
477	91		76	16	385	401
477	429		418	0	59	59
480	74		66	10	404	414
481	2359	345	7	129	136
481	215		209	23	249	272
485	17		32	1	452	453
489	160		151	80	258	338
489	266		251	75	163	238
489	485		483	0	6	6
490	421		415	0	75	75
493	434		427	24	42	66
495	2470	464	0	31	31
496	494		493	0	3	3
496	411		405	0	91	91
499	417		412	38	49	87
501	2000	7	0	494	494
501	474		458	3	40	43
501	405		391	0	110	110
511	501		506	0	5	5
513	2504	486	0	27	27
514	2426	442	6	66	72
516	2508	498	0	18	18
517	2466	462	0	55	55
519	499		505	0	14	14
520	2015	28	3	489	492
520	2387	390	2	128	130
523	2017	28	3	492	495
526	515		521	0	5	5
532	2451	455	0	77	77
535	4014	33	2	500	502
536	514		521	5	10	15
537	2461	461	0	76	76
540	520		534	0	6	6
541	498		505	14	22	36
542	4033	48	9	485	494
552	2428	442	0	110	110
552	2020	29	3	520	523
554	4035	49	9	496	505
555	88		73	16	466	482
557	137		130	25	402	427
558	2545	545	0	13	13
569	2559	549	0	20	20
570	2569	554	0	16	16
573	2422	439	2	132	134
573	544		554	0	19	19
576	542		554	0	22	22
576	549		563	0	13	13
577	545		554	0	23	23
582	2444	452	2	128	130
584	568		580	0	4	4
585	547		563	0	22	22
585	539		546	0	39	39
588	541		554	23	11	34
591	562		577	0	14	14
592	390		375	126	91	217
592	528		543	0	49	49
595	2463	461	1	133	134
600	2490	480	3	117	120
603	580		596	0	7	7
604	2483	467	0	137	137
607	2585	578	0	29	29
612	299		287	214	111	325
615	2587	578	0	37	37
617	120		105	394	118	512
617	605		611	0	6	6
618	4013	33	2	583	585
619	63		62	9	548	557
620	121		106	394	120	514
627	238		220	280	127	407
628	611		624	0	4	4
631	610		620	0	11	11
633	2487	477	2	154	156
634	2397	406	5	223	228
635	2611	603	0	32	32
638	623		633	0	5	5
643	2581	572	0	71	71
645	2625	620	0	25	25
647	2439	451	3	193	196
648	2495	481	9	158	167
648	2446	454	0	194	194
649	483		483	19	147	166
655	2038	37	4	614	618
656	625		633	0	23	23
658	479		474	28	156	184
659	422		415	87	157	244
661	651		653	0	8	8
662	637		645	0	17	17
664	649		652	0	12	12
666	567		580	8	78	86
668	639		645	0	23	23
670	96		89	16	565	581
674	100		89	17	568	585
675	627		640	0	35	35
676	638		645	5	26	31
678	612		624	2	52	54
678	650		652	3	23	26
679	618		632	0	47	47
680	598		609	0	71	71
683	607		620	11	52	63
684	2506	498	16	170	186
684	574		595	0	89	89
686	529		543	0	143	143
689	399		388	0	301	301
691	403		391	110	190	300
692	2475	465	12	215	227
693	388		375	0	318	318
695	2685	674	0	21	21
705	2425	442	7	256	263
706	693		701	0	5	5
712	715		709	0	3	3
713	2556	549	26	138	164
719	720		715	0	4	4
721	677		696	0	25	25
722	2447	454	3	265	268
722	705		704	0	18	18
725	2519	506	4	215	219
726	2570	557	2	167	169
730	722		723	0	7	7
735	718		715	5	15	20
736	2507	498	2	236	238
736	721		723	0	13	13
739	2729	708	0	31	31
740	2714	697	0	43	43
742	742		737	0	5	5
750	2482	467	13	270	283
750	686		698	0	52	52
753	4022	46	5	702	707
754	4040	52	11	691	702
755	745		737	1	17	18
755	760		752	0	3	3
757	4042	52	11	694	705
758	2503	486	3	269	272
758	710		705	31	22	53
762	4010	33	1	728	729
764	2746	743	0	21	21
765	2749	743	0	22	22
765	2731	716	0	49	49
765	4063	66	18	681	699
767	4025	47	6	714	720
767	755		749	0	18	18
768	765		756	0	12	12
769	4046	55	12	702	714
770	750		743	0	27	27
771	712		709	4	58	62
772	690		698	0	74	74
774	761		756	0	18	18
776	672		692	0	84	84
779	2521	527	2	250	252
784	4093	91	31	662	693
784	777		774	0	10	10
791	2598	586	4	201	205
791	2531	533	11	247	258
791	2774	768	0	23	23
795	786		787	0	8	8
796	2553	546	2	248	250
796	2766	766	0	30	30
797	791		788	0	9	9
802	2524	527	0	275	275
804	2033	33	4	767	771
807	788		787	0	20	20
809	2573	557	0	252	252
809	2779	790	0	19	19
816	804		802	0	14	14
821	67		64	9	748	757
821	809		803	0	18	18
823	680		696	0	127	127
825	811		805	0	20	20
825	69		64	9	752	761
825	784		775	0	50	50
828	396		388	301	139	440
832	807		803	0	29	29
834	2624	617	28	189	217
837	4056	64	17	756	773
839	2645	648	4	187	191
840	821		821	0	19	19
841	2500	486	4	351	355
846	2681	671	8	167	175
846	840		837	0	9	9
849	2819	818	0	31	31
850	837		837	5	8	13
851	828		832	0	19	19
851	846		846	0	5	5
857	847		846	0	11	11
857	384		374	0	483	483
857	380		372	0	485	485
858	462		453	227	178	405
860	400		388	291	181	472
861	418		412	268	181	449
862	852		858	0	4	4
863	375		369	0	494	494
864	393		386	293	185	478
868	2523	527	10	331	341
869	2543	543	26	300	326
869	2525	532	1	336	337
873	2833	842	0	31	31
876	476		474	206	196	402
877	356		353	326	198	524
879	878		873	0	6	6
880	881		877	0	3	3
882	877		873	0	9	9
885	2678	664	28	193	221
885	4015	37	2	846	848
886	757		752	15	119	134
886	872		872	0	14	14
890	4132	134	44	712	756
891	800		792	3	96	99
891	869		870	0	21	21
892	868		870	0	22	22
894	4100	103	32	759	791
894	861		866	0	28	28
895	2850	856	0	39	39
895	691		701	63	131	194
895	862		866	0	29	29
896	4020	46	4	846	850
897	4170	184	59	654	713
897	480		474	207	216	423
899	302		293	386	220	606
901	436		429	251	221	472
902	2876	877	0	25	25
903	896		896	0	7	7
905	904		898	0	7	7
906	360		353	0	553	553
906	370		368	0	538	538
908	51		52	9	847	856
908	52		52	9	847	856
909	143		134	201	574	775
911	892		892	0	19	19
912	2607	596	5	311	316
912	354		345	0	567	567
913	2619	609	0	304	304
913	68		64	0	849	849
914	72		66	48	800	848
918	64		62	0	856	856
920	4062	66	18	836	854
922	2896	903	0	19	19
923	2899	903	0	20	20
924	2815	818	0	106	106
926	4049	55	13	858	871
927	2870	871	0	56	56
928	2788	799	0	129	129
929	2722	705	0	224	224
934	2710	697	0	237	237
935	2650	654	0	281	281
938	2909	927	0	11	11
939	2696	682	0	257	257
940	2675	664	38	238	276
940	4031	48	8	884	892
941	2754	745	0	196	196
944	963		934	10	0	10
944	961		934	0	10	10
945	938		926	0	19	19
947	2628	620	20	307	327
947	4151	167	52	728	780
947	921		919	0	28	28
947	946		928	0	19	19
949	2518	506	1	442	443
949	910		905	0	44	44
949	950		928	0	21	21
954	948		928	20	6	26
955	2586	578	5	372	377
956	973		944	4	8	12
956	534		545	136	275	411
957	205		200	478	279	757
957	825		821	20	116	136
959	66		64	8	887	895
959	985		954	0	5	5
960	2534	533	2	425	427
960	2680	671	1	288	289
963	4098	99	31	833	864
964	4017	37	3	924	927
965	988		961	0	4	4
972	2636	636	2	334	336
972	4084	76	26	870	896
972	4007	32	0	940	940
973	703		704	62	207	269
974	4052	62	15	897	912
976	996		971	0	5	5
977	982		954	0	23	23
978	770		757	11	210	221
979	2544	543	17	419	436
984	981		954	24	6	30
984	959		933	0	51	51
987	936		926	0	61	61
989	2709	691	44	254	298
990	934		922	0	68	68
991	897		896	4	91	95
991	46		49	0	942	942
994	4060	66	18	910	928
995	939		926	31	38	69
996	987		961	2	33	35
996	44		48	0	948	948
1003	36		47	0	956	956
1004	4200	209	68	727	795
1006	2777	790	3	213	216
1008	2964	977	0	31	31
1008	32		46	0	962	962
1009	25		33	0	976	976
1012	4213	213	72	727	799
1013	4008	32	1	980	981
1014	2989	997	0	17	17
1014	22		33	977	4	981
1017	2016	28	3	986	989
1019	4072	72	22	925	947
1022	19		32	0	990	990
1027	2998	1008	0	19	19
1028	942		927	101	0	101
1032	4166	171	58	803	861
1033	2984	992	0	41	41
1033	4169	171	60	802	862
1036	2941	958	0	78	78
1036	18		32	990	14	1004
1037	2621	617	16	404	420
1037	4039	49	10	978	988
1041	15		26	0	1015	1015
1043	2973	985	0	58	58
1046	130		118	21	907	928
1047	12		26	2	1019	1021
1048	2638	636	10	402	412
1048	4173	184	60	804	864
1049	2718	701	21	327	348
1049	2948	960	0	89	89
1050	6		16	0	1034	1034
1051	2683	671	1	379	380
1051	4175	187	60	804	864
1052	2		7	3	1042	1045
1055	4182	188	62	805	867
1057	1		7	3	1047	1050
1058	4107	105	36	917	953
1060	4113	106	38	916	954
1061	4041	52	11	998	1009
1063	2930	956	0	107	107
1064	4043	52	12	1000	1012
1067	4194	200	65	802	867
1071	2924	946	0	125	125
1073	2778	790	2	281	283
1074	4029	47	8	1019	1027
1075	4086	89	28	958	986
1078	372		369	630	79	709
1079	4089	89	30	960	990
1082	4212	213	72	797	869
1084	4217	215	73	796	869
1085	2923	946	0	139	139
1088	856		865	137	86	223
1089	4224	217	76	796	872
1089	71		66	930	93	1023
1090	2669	657	0	433	433
1090	4006	32	0	1058	1058
1090	4120	127	39	924	963
1091	741		737	264	90	354
1095	2031	33	4	1058	1062
1095	4155	168	53	874	927
1098	401		391	608	99	707
1099	787		787	215	97	312
1099	139		130	867	102	969
1102	589		600	400	102	502
1103	4168	171	59	873	932
1103	4038	49	10	1044	1054
1103	4125	130	42	931	973
1106	4018	37	3	1066	1069
1106	4019	37	3	1066	1069
1110	428		418	582	110	692
1111	297		287	712	112	824
1115	173		169	829	117	946
1118	4137	140	46	932	978
1118	819		806	196	116	312
1118	113		103	894	121	1015
1119	2919	944	0	175	175
1119	814		805	314	0	314
1120	2747	743	8	369	377
1122	792		788	334	0	334
1124	4142	141	48	935	983
1127	2651	654	0	473	473
1128	4187	196	63	869	932
1128	4188	196	63	869	932
1129	2023	29	4	1096	1100
1129	2445	454	0	675	675
1129	425		415	585	129	714
1130	4059	64	18	1048	1066
1131	630		640	361	130	491
1131	84		72	925	134	1059
1133	257		244	754	135	889
1134	2540	543	0	591	591
1134	197		196	802	136	938
1134	767		757	244	133	377
1136	4045	55	12	1069	1081
1138	4198	206	68	864	932
1141	112		103	19	1019	1038
1142	751		749	393	0	393
1142	4117	118	38	986	1024
1152	2432	447	0	705	705
1154	2434	447	0	707	707
1156	2410	430	0	726	726
1157	117		105	20	1032	1052
1159	2682	671	5	483	488
1160	4075	73	23	1064	1087
1166	4095	99	30	1037	1067
1169	4081	76	25	1068	1093
1173	2429	442	0	731	731
1173	4082	76	25	1072	1097
1179	4021	46	5	1128	1133
1184	4184	188	63	933	996
1185	532		545	640	0	640
1186	4144	141	49	996	1045
1187	2421	439	0	748	748
1187	4023	46	5	1136	1141
1187	4112	106	37	1044	1081
1191	2419	434	0	757	757
1192	469		455	737	0	737
1193	4061	66	18	1109	1127
1193	104		91	18	1084	1102
1194	4147	151	50	993	1043
1200	4202	209	69	922	991
1206	4211	213	71	922	993
1206	4214	213	72	921	993
1207	4094	91	32	1084	1116
1209	2617	609	21	579	600
1210	4009	32	1	1177	1178
1211	4221	217	75	919	994
1212	2751	745	10	457	467
1213	4150	167	52	994	1046
1216	4122	127	40	1049	1089
1235	4245	244	82	909	991
1241	4178	187	61	993	1054
1245	4109	105	36	1104	1140
1251	4145	151	50	1050	1100
1253	202		200	39	1014	1053
1256	4066	69	19	1168	1187
1258	2037	37	4	1217	1221
1259	4088	89	29	1141	1170
1261	4206	212	69	980	1049
1272	455		433	839	0	839
1273	4158	168	54	1051	1105
1274	4124	127	41	1106	1147
1278	2021	29	3	1246	1249
1278	4077	73	23	1182	1205
1281	4096	99	31	1151	1182
1283	2775	790	1	492	493
1283	4080	76	24	1183	1207
1291	4246	244	82	965	1047
1292	346		341	951	0	951
1295	342		328	967	0	967
1295	4179	187	61	1047	1108
1307	111		103	19	1185	1204
1309	4116	118	38	1153	1191
1309	114		103	19	1187	1206
1313	4209	212	70	1031	1101
1314	2022	29	4	1281	1285
1316	274		253	54	1009	1063
1320	4005	32	0	1288	1288
1327	4161	169	56	1102	1158
1333	2602	587	20	726	746
1340	4054	62	16	1262	1278
1345	4110	106	37	1202	1239
1347	2051	53	7	1287	1294
1348	2834	842	3	503	506
1348	4058	64	17	1267	1284
1348	223		213	44	1091	1135
1349	4011	33	1	1315	1316
1353	123		106	22	1225	1247
1354	4196	206	67	1081	1148
1354	4065	69	19	1266	1285
1358	4067	69	20	1269	1289
1360	340		310	1050	0	1050
1361	4091	91	31	1239	1270
1363	4030	48	8	1307	1315
1363	4032	48	8	1307	1315
1364	4071	72	21	1271	1292
1365	4220	217	75	1073	1148
1371	4232	225	77	1069	1146
1378	2029	30	5	1343	1348
1379	4239	238	79	1062	1141
1383	4083	76	25	1282	1307
1389	4176	187	60	1142	1202
1395	268		251	1144	0	1144
1400	2701	685	43	672	715
1401	154		141	26	1234	1260
1404	4119	118	38	1248	1286
1405	4205	212	69	1124	1193
1405	4207	212	70	1123	1193
1409	247		238	50	1121	1171
1410	4121	127	39	1244	1283
1415	2705	691	3	721	724
1416	4162	169	56	1191	1247
1420	4128	130	43	1247	1290
1421	4235	238	78	1105	1183
1423	4131	134	43	1246	1289
1427	2719	701	5	721	726
1434	2692	678	39	717	756
1435	4186	196	62	1177	1239
1436	2738	724	2	710	712
1444	2733	716	7	721	728
1445	4069	69	20	1356	1376
1447	4034	48	9	1390	1399
1449	4225	220	76	1153	1229
1450	4229	220	77	1153	1230
1457	240		220	1237	0	1237
1461	2730	716	19	726	745
1463	2679	664	17	782	799
1463	209		206	41	1216	1257
1467	4249	244	83	1140	1223
1470	178		171	35	1264	1299
1473	4108	105	36	1332	1368
1475	4189	196	63	1216	1279
1476	4024	46	6	1424	1430
1477	4192	200	64	1213	1277
1479	4026	47	7	1425	1432
1479	4027	47	7	1425	1432
1481	4195	206	67	1208	1275
1481	4197	206	67	1208	1275
1481	211		209	42	1230	1272
1485	4092	91	31	1363	1394
1486	37		47	5	1434	1439
1492	4230	225	76	1191	1267
1500	4133	134	44	1322	1366
1502	4101	103	33	1366	1399
1503	4103	103	33	1367	1400
1506	2024	29	4	1473	1477
1509	165		167	1342	0	1342
1511	4185	196	62	1253	1315
1511	227		215	45	1251	1296
1512	4012	33	2	1477	1479
1514	4146	151	50	1313	1363
1515	4028	47	7	1461	1468
1516	4047	55	12	1449	1461
1516	402		391	76	1049	1125
1517	234		217	48	1252	1300
1520	85		72	1448	0	1448
1521	4218	215	73	1233	1306
1521	477		474	91	956	1047
1523	4226	220	76	1227	1303
1524	4152	167	53	1304	1357
1524	239		220	49	1255	1304
1526	4157	168	54	1304	1358
1527	4233	225	77	1225	1302
1532	243		225	49	1258	1307
1539	2737	724	13	802	815
1540	2740	740	39	761	800
1541	42		48	7	1486	1493
1545	2695	682	22	841	863
1545	4114	106	38	1401	1439
1546	47		49	8	1489	1497
1551	2694	678	4	869	873
1556	4153	167	53	1336	1389
1558	2801	806	14	738	752
1558	4234	225	78	1255	1333
1560	4036	49	10	1501	1511
1564	2787	799	10	755	765
1565	4238	238	79	1248	1327
1568	4050	62	14	1492	1506
1568	155		141	26	1401	1427
1570	4174	184	60	1326	1386
1570	4250	246	83	1241	1324
1577	4064	66	19	1492	1511
1579	4115	118	37	1424	1461
1583	4070	72	21	1490	1511
1583	4222	217	75	1291	1366
1586	4159	168	55	1363	1418
1587	4163	169	57	1361	1418
1594	4244	239	81	1274	1355
1594	172		169	34	1391	1425
1594	307		295	60	1239	1299
1595	2745	743	7	845	852
1597	4053	62	15	1520	1535
1599	2880	887	7	705	712
1600	2817	818	6	776	782
1605	4193	200	65	1340	1405
1609	4210	213	71	1325	1396
1610	4090	91	30	1489	1519
1610	4215	215	72	1323	1395
1610	4219	215	74	1321	1395
1611	4223	217	76	1318	1394
1612	4228	220	77	1315	1392
1612	23		33	1	1578	1579
1613	4123	127	40	1446	1486
1614	24		33	1	1580	1581
1619	4130	134	43	1442	1485
1619	4237	238	78	1303	1381
1622	4104	103	34	1485	1519
1623	4172	184	60	1379	1439
1629	4044	52	12	1565	1577
1634	2827	835	2	797	799
1635	4156	168	53	1414	1467
1643	4051	62	15	1566	1581
1643	4247	244	82	1317	1399
1644	4135	140	45	1459	1504
1649	4148	151	51	1447	1498
1650	4085	89	28	1533	1561
1653	2835	845	1	807	808
1653	4073	72	22	1559	1581
1656	134		127	23	1506	1529
1657	2785	799	41	817	858
1658	4016	37	3	1618	1621
1661	2897	903	6	752	758
1661	4171	184	59	1418	1477
1664	4183	188	63	1413	1476
1665	4141	141	47	1477	1524
1666	2045	42	7	1617	1624
1666	4149	151	51	1464	1515
1667	4048	55	13	1599	1612
1667	122		106	21	1540	1561
1672	4076	73	23	1576	1599
1673	4037	49	10	1614	1624
1675	4097	99	31	1545	1576
1675	4099	99	32	1544	1576
1676	4134	134	44	1498	1542
1676	4240	239	80	1357	1437
1676	56		55	10	1611	1621
1678	4248	244	83	1351	1434
1678	59		55	10	1613	1623
1679	4139	140	47	1492	1539
1681	4111	106	37	1538	1575
1681	4055	64	16	1601	1617
1685	4208	212	70	1403	1473
1689	4078	73	24	1592	1616
1690	4129	130	43	1517	1560
1691	4242	239	81	1371	1452
1692	4138	140	46	1506	1552
1693	4105	105	35	1553	1588
1694	4106	105	35	1554	1589
1695	4057	64	17	1614	1631
1696	4199	206	68	1422	1490
1699	2871	871	46	782	828
1699	4068	69	20	1610	1630
1699	4074	72	22	1605	1627
1699	20		32	1	1666	1667
1700	2903	909	8	783	791
1700	4160	169	55	1476	1531
1702	2735	724	18	960	978
1702	4167	171	59	1472	1531
1702	4126	130	42	1530	1572
1703	110		99	19	1585	1604
1708	4201	209	68	1431	1499
1708	4203	209	69	1430	1499
1709	4216	215	73	1421	1494
1714	430		418	79	1217	1296
1716	2768	766	0	950	950
1717	4154	167	53	1497	1550
1718	4079	73	24	1621	1645
1719	4241	239	80	1400	1480
1722	4190	200	64	1458	1522
1724	4231	225	77	1422	1499
1728	4191	200	64	1464	1528
1729	4087	89	29	1611	1640
1731	4102	103	33	1595	1628
1732	4180	188	61	1483	1544
1732	4181	188	62	1482	1544
1733	4204	209	70	1454	1524
1734	4164	169	57	1508	1565
1736	4243	239	81	1416	1497
1736	4136	140	46	1550	1596
1738	2644	647	7	1084	1091
1738	4165	171	58	1509	1567
1738	4236	238	78	1422	1500
1739	4177	187	60	1492	1552
1739	4140	141	47	1551	1598
1740	4227	220	76	1444	1520
1740	4143	141	48	1551	1599
1741	79		69	13	1659	1672
1742	4127	130	42	1570	1612
1744	4118	118	38	1588	1626
1750	2026	30	4	1716	1720
1753	264		246	53	1454	1507
1765	214		209	43	1513	1556
1767	2954	961	6	800	806
1772	461		453	88	1231	1319
1775	2028	30	5	1740	1745
1775	2761	762	18	995	1013
1782	222		213	44	1525	1569
1786	2883	887	10	889	899
1788	2905	927	2	859	861
1788	101		91	17	1680	1697
1791	2938	957	1	833	834
1792	2900	909	1	882	883
1795	2892	897	21	877	898
1795	95		76	17	1702	1719
1797	45		48	7	1742	1749
1809	355		345	71	1393	1464
1810	300		287	59	1464	1523
1811	2927	947	14	850	864
1812	2860	861	4	947	951
1816	2969	981	1	834	835
1818	2967	981	26	811	837
1825	2983	992	1	832	833
1827	2990	1001	0	826	826
1829	2933	956	0	873	873
1838	2878	877	13	948	961
1846	2873	871	20	955	975
1852	2759	758	6	1088	1094
1859	2974	985	7	867	874
1861	2915	944	10	907	917
1864	2855	860	46	958	1004
1867	2886	895	31	941	972
1873	231		217	47	1609	1656
1881	57		55	10	1816	1826
1896	414		405	77	1414	1491
1922	167		168	30	1724	1754
1953	2084	97	13	1843	1856
1969	323		299	65	1605	1670
1977	772		770	159	1048	1207
1995	516		534	111	1350	1461
2012	663		659	141	1212	1353
2013	664		659	141	1213	1354
2022	540		546	119	1357	1476
2022	537		546	118	1358	1476
2025	159		151	27	1847	1874
2026	229		215	46	1765	1811
2027	87		73	16	1938	1954
2027	125		106	22	1899	1921
2036	190		187	36	1813	1849
2044	681		697	144	1203	1347
2054	16		32	1	2021	2022
2054	50		49	8	1997	2005
2070	353		345	71	1654	1725
2077	578		596	125	1356	1481
2082	584		599	127	1356	1483
2094	78		69	12	2013	2025
2099	2011	22	4	2073	2077
2103	258		244	53	1806	1859
2117	261		246	53	1818	1871
2118	206		206	40	1872	1912
2121	210		206	41	1874	1915
2151	131		127	22	2002	2024
2153	997		971	197	985	1182
2154	218		212	44	1898	1942
2154	801		802	169	1183	1352
2162	538		546	118	1498	1616
2164	284		258	57	1849	1906
2166	392		386	75	1705	1780
2169	408		393	76	1700	1776
2170	102		91	17	2062	2079
2173	187		187	35	1951	1986
2179	245		225	49	1905	1954
2180	145		134	25	2021	2046
2182	682		697	144	1341	1485
2192	128		118	21	2053	2074
2193	420		412	77	1704	1781
2199	2027	30	4	2165	2169
2200	491		493	95	1612	1707
2201	164		167	29	2005	2034
2204	426		418	78	1708	1786
2205	573		595	124	1486	1610
2207	723		723	156	1328	1484
2222	594		608	130	1484	1614
2227	604		611	133	1483	1616
2230	437		429	81	1720	1801
2232	752		749	158	1325	1483
2237	318		298	63	1876	1939
2249	773		770	159	1320	1479
2252	366		368	71	1813	1884
2259	335		302	68	1889	1957
2261	632		642	138	1481	1619
2263	270		251	53	1959	2012
2281	530		543	115	1623	1738
2284	220		212	44	2028	2072
2289	820		806	174	1309	1483
2307	559		570	122	1615	1737
2312	687		698	147	1467	1614
2316	295		280	58	1978	2036
2329	576		596	125	1608	1733
2340	497		505	96	1739	1835
2352	34		46	5	2301	2306
2358	260		244	53	2061	2114
2359	316		298	63	1998	2061
2364	364		362	70	1932	2002
2377	176		171	35	2171	2206
2383	331		302	67	2014	2081
2413	283		258	57	2098	2155
2417	345		328	66	2023	2089
2422	675		692	143	1587	1730
2423	556		570	122	1731	1853
2429	689		698	148	1583	1731
2431	565		577	124	1730	1854
2436	2036	37	4	2395	2399
2437	714		709	153	1575	1728
2463	744		737	158	1568	1726
2464	591		608	129	1727	1856
2470	602		611	132	1727	1859
2476	314		296	62	2118	2180
2476	312		296	61	2119	2180
2476	754		749	158	1569	1727
2481	764		756	157	1568	1725
2482	453		433	84	1965	2049
2496	964		934	197	1365	1562
2497	369		368	72	2057	2129
2501	2046	42	7	2452	2459
2503	975		944	196	1363	1559
2511	983		954	196	1361	1557
2519	995		964	198	1357	1555
2522	465		453	89	1980	2069
2523	998		971	198	1354	1552
2524	803		802	170	1552	1722
2526	466		455	89	1982	2071
2528	817		806	173	1549	1722
2540	188		187	35	2318	2353
2541	671		692	141	1708	1849
2545	676		696	144	1705	1849
2560	857		865	187	1508	1695
2566	495		493	96	1977	2073
2571	888		880	193	1498	1691
2574	729		726	156	1692	1848
2576	255		239	53	2284	2337
2576	587		600	129	1847	1976
2577	588		600	129	1848	1977
2584	743		737	157	1690	1847
2586	76		69	12	2505	2517
2593	256		244	53	2296	2349
2593	259		244	53	2296	2349
2594	317		298	63	2233	2296
2595	762		756	156	1683	1839
2603	941		927	194	1482	1676
2610	368		368	71	2171	2242
2619	212		209	42	2368	2410
2619	640		645	139	1835	1974
2627	647		652	140	1835	1975
2628	116		105	20	2503	2523
2635	805		802	170	1663	1833
2637	468		455	89	2093	2182
2639	535		545	117	1977	2094
2641	282		258	56	2327	2383
2643	398		388	76	2179	2255
2653	838		837	180	1636	1816
2654	92		76	16	2562	2578
2654	195		188	38	2428	2466
2655	94		76	17	2562	2579
2657	843		843	183	1631	1814
2660	481		483	93	2084	2177
2663	293		280	58	2325	2383
2670	488		490	94	2086	2180
2678	2025	30	4	2644	2648
2683	726		726	154	1803	1957
2698	907		905	192	1601	1793
2702	313		296	61	2345	2406
2702	753		749	158	1795	1953
2703	444		431	82	2190	2272
2710	321		299	64	2347	2411
2716	775		770	160	1786	1946
2720	367		368	71	2281	2352
2721	776		774	163	1784	1947
2730	978		948	196	1586	1782
2732	795		788	166	1778	1944
2735	797		792	165	1778	1943
2741	660		657	141	1943	2084
2743	219		212	44	2487	2531
2744	133		127	23	2594	2617
2749	667		666	143	1940	2083
2757	189		187	36	2534	2570
2770	106		99	19	2652	2671
2777	493		493	96	2188	2284
2778	870		870	189	1719	1908
2779	871		872	190	1717	1907
2782	880		873	193	1716	1909
2783	575		595	124	2064	2188
2787	168		168	31	2588	2619
2788	253		239	52	2497	2549
2789	581		599	126	2064	2190
2802	431		427	80	2295	2375
2806	438		429	81	2296	2377
2808	914		907	193	1708	1901
2811	916		912	194	1705	1899
2811	917		912	195	1704	1899
2815	926		920	194	1701	1895
2818	207		206	40	2572	2612
2820	620		632	137	2051	2188
2820	327		301	66	2453	2519
2825	780		774	164	1887	2051
2834	382		374	74	2386	2460
2836	642		650	138	2048	2186
2849	135		127	23	2699	2722
2855	552		566	120	2169	2289
2860	560		570	122	2168	2290
2861	2040	41	6	2814	2820
2869	704		704	149	2016	2165
2881	879		873	192	1816	2008
2887	732		730	157	2000	2157
2891	503		506	98	2287	2385
2892	203		200	40	2652	2692
2895	905		898	193	1804	1997
2904	608		620	134	2150	2284
2907	923		919	195	1793	1988
2910	940		926	194	1790	1984
2916	373		369	72	2475	2547
2917	778		774	164	1979	2143
2919	629		640	136	2143	2279
2919	334		302	68	2549	2617
2920	631		642	137	2141	2278
2922	273		253	54	2615	2669
2922	518		534	112	2276	2388
2923	645		650	139	2134	2273
2927	993		964	198	1765	1963
2929	659		657	141	2131	2272
2936	668		666	143	2127	2270
2937	225		213	45	2679	2724
2937	473		458	91	2388	2479
2938	394		386	75	2477	2552
2943	341		328	66	2549	2615
2944	40		47	6	2891	2897
2946	27		37	2	2907	2909
2948	833		836	179	1933	2112
2949	557		570	122	2257	2379
2949	834		836	180	1933	2113
2953	688		698	148	2107	2255
2953	848		846	183	1924	2107
2955	698		702	148	2105	2253
2959	566		580	125	2254	2379
2964	151		141	25	2798	2823
2964	153		141	25	2798	2823
2964	863		866	188	1910	2098
2965	865		866	189	1910	2099
2968	352		345	71	2552	2623
2972	250		238	50	2684	2734
2978	740		731	160	2087	2247
2980	895		892	191	1897	2088
2980	894		892	191	1897	2088
2980	500		505	97	2378	2475
2984	902		898	193	1893	2086
2995	450		432	83	2480	2563
2997	615		624	136	2237	2373
3000	933		922	195	1883	2078
3007	965		934	198	1875	2073
3011	628		640	136	2235	2371
3012	634		642	138	2232	2370
3015	383		374	74	2567	2641
3015	794		788	165	2062	2227
3025	810		803	171	2051	2222
3026	813		805	172	2049	2221
3032	136		130	24	2878	2902
3032	233		217	48	2767	2815
3033	181		184	33	2816	2849
3040	842		843	182	2015	2197
3041	845		843	184	2014	2198
3042	850		846	184	2012	2196
3043	692		701	146	2196	2342
3043	695		701	147	2195	2342
3043	563		577	123	2343	2466
3044	696		702	147	2195	2342
3046	349		341	67	2638	2705
3047	851		858	186	2003	2189
3051	860		865	188	1998	2186
3054	492		493	95	2466	2561
3060	254		239	52	2769	2821
3066	504		506	98	2462	2560
3066	502		506	97	2463	2560
3069	509		507	101	2461	2562
3069	903		898	193	1978	2171
3072	33		46	4	3022	3026
3074	440		429	81	2564	2645
3075	758		752	157	2166	2323
3082	262		246	53	2783	2836
3094	635		642	139	2313	2452
3095	977		948	196	1951	2147
3095	976		948	196	1951	2147
3098	641		650	138	2310	2448
3100	648		652	140	2308	2448
3101	118		105	21	2975	2996
3101	463		453	88	2560	2648
3103	658		657	140	2306	2446
3108	669		666	143	2299	2442
3108	670		666	144	2298	2442
3110	228		215	45	2850	2895
3111	182		184	34	2893	2927
3111	404		391	76	2644	2720
3113	553		566	120	2427	2547
3118	841		843	182	2093	2275
3122	350		341	68	2713	2781
3124	490		490	94	2540	2634
3127	719		715	155	2257	2412
3132	169		168	31	2933	2964
3134	736		731	158	2245	2403
3139	747		743	159	2237	2396
3145	920		912	196	2037	2233
3147	454		433	85	2629	2714
3151	512		521	106	2524	2630
3154	955		929	196	2029	2225
3155	771		770	159	2226	2385
3159	333		302	68	2789	2857
3161	213		209	43	2909	2952
3164	646		652	139	2373	2512
3165	337		310	67	2788	2855
3169	467		455	89	2625	2714
3173	157		151	27	2995	3022
3174	824		821	176	2177	2353
3175	410		393	77	2705	2782
3178	830		832	178	2168	2346
3184	2109	115	19	3050	3069
3184	292		280	57	2847	2904
3189	424		415	77	2697	2774
3189	163		167	29	2993	3022
3190	716		715	154	2321	2475
3190	717		715	154	2321	2475
3191	867		870	189	2132	2321
3192	2012	22	5	3165	3170
3195	582		599	127	2469	2596
3195	728		726	155	2314	2469
3200	170		168	32	3000	3032
3201	507		507	100	2594	2694
3208	61		62	9	3137	3146
3212	937		926	194	2092	2286
3213	949		928	195	2090	2285
3216	962		934	197	2085	2282
3222	82		72	14	3136	3150
3225	521		542	112	2571	2683
3226	524		542	113	2571	2684
3241	849		846	183	2212	2395
3247	486		490	93	2664	2757
3248	200		196	39	3013	3052
3253	579		596	126	2531	2657
3256	735		730	158	2368	2526
3257	738		731	159	2367	2526
3259	506		507	99	2653	2752
3261	749		743	159	2359	2518
3262	171		169	33	3060	3093
3269	55		52	10	3207	3217
3274	960		933	197	2144	2341
3274	180		171	35	3068	3103
3275	781		775	165	2335	2500
3276	968		941	196	2139	2335
3276	970		941	196	2139	2335
3282	799		792	166	2324	2490
3290	156		151	27	3112	3139
3291	543		554	119	2618	2737
3292	286		264	58	2970	3028
3295	826		832	177	2286	2463
3296	829		832	178	2286	2464
3297	836		837	180	2280	2460
3298	193		188	37	3073	3110
3301	561		577	123	2601	2724
3305	109		99	19	3187	3206
3305	711		709	153	2443	2596
3313	890		880	193	2240	2433
3317	891		892	190	2235	2425
3324	918		912	195	2217	2412
3325	365		362	70	2893	2963
3325	769		757	158	2410	2568
3337	980		948	197	2192	2389
3338	789		787	164	2387	2551
3340	336		310	67	2963	3030
3340	990		961	197	2182	2379
3341	994		964	198	2179	2377
3342	464		453	89	2800	2889
3347	818		806	174	2367	2541
3350	2056	71	9	3270	3279
3352	142		134	25	3193	3218
3354	683		697	145	2512	2657
3358	699		702	149	2507	2656
3363	487		490	93	2780	2873
3367	246		238	49	3080	3129
3367	882		877	192	2298	2490
3368	885		877	193	2298	2491
3371	305		293	59	3019	3078
3373	359		353	72	2948	3020
3376	599		609	131	2636	2767
3380	756		752	157	2471	2628
3384	322		299	64	3021	3085
3385	932		922	195	2268	2463
3389	371		369	72	2948	3020
3390	782		775	165	2450	2615
3393	115		103	20	3270	3290
3394	81		72	14	3308	3322
3396	644		650	138	2608	2746
3397	387		375	75	2947	3022
3399	525		542	114	2743	2857
3402	662		659	141	2602	2743
3403	808		803	171	2429	2600
3403	812		805	172	2426	2598
3404	531		545	116	2743	2859
3408	344		328	66	3014	3080
3409	236		220	49	3140	3189
3410	839		837	180	2393	2573
3410	831		836	179	2395	2574
3411	685		697	146	2568	2714
3412	348		341	67	3004	3071
3412	347		341	66	3005	3071
3412	701		704	149	2559	2708
3413	569		580	125	2708	2833
3414	419		412	77	2925	3002
3418	876		873	192	2353	2545
3424	510		507	101	2816	2917
3424	600		609	131	2684	2815
3424	596		609	131	2684	2815
3432	265		246	53	3133	3186
3434	947		928	195	2311	2506
3434	951		929	196	2309	2505
3435	624		633	138	2664	2802
3439	966		941	196	2302	2498
3440	376		372	73	2995	3068
3442	386		375	74	2993	3067
3446	277		257	55	3134	3189
3447	224		213	44	3190	3234
3447	666		666	142	2639	2781
3451	827		832	177	2442	2619
3451	186		187	34	3230	3264
3455	697		702	148	2605	2753
3456	707		705	151	2600	2751
3463	734		730	157	2576	2733
3466	433		427	80	2959	3039
3467	603		611	133	2723	2856
3477	513		521	106	2850	2956
3480	332		302	67	3111	3178
3480	958		933	197	2350	2547
3483	381		374	74	3035	3109
3486	657		657	140	2689	2829
3486	526		543	114	2829	2943
3487	533		545	117	2825	2942
3489	409		393	77	3019	3096
3489	407		393	76	3020	3096
3490	555		566	121	2803	2924
3492	706		705	151	2636	2787
3494	198		196	39	3259	3298
3496	571		595	123	2778	2901
3499	357		353	71	3075	3146
3503	913		907	193	2403	2596
3505	449		432	82	2991	3073
3506	363		362	70	3074	3144
3507	2126	150	22	3335	3357
3508	320		298	64	3146	3210
3511	954		929	196	2386	2582
3511	617		632	136	2743	2879
3512	969		941	196	2375	2571
3516	522		542	112	2862	2974
3522	708		705	152	2665	2817
3524	858		865	187	2472	2659
3527	427		418	78	3031	3109
3530	590		600	130	2800	2930
3533	435		427	80	3026	3106
3535	54		52	9	3474	3483
3539	621		633	137	2769	2906
3540	957		933	196	2411	2607
3541	785		775	166	2600	2766
3543	796		792	165	2586	2751
3548	554		566	121	2861	2982
3549	678		696	144	2709	2853
3550	844		843	183	2524	2707
3553	423		415	77	3061	3138
3560	909		905	193	2462	2655
3560	906		905	191	2464	2655
3562	759		752	157	2653	2810
3563	319		298	64	3201	3265
3563	922		919	195	2449	2644
3564	929		920	195	2449	2644
3564	931		922	195	2447	2642
3565	616		632	136	2797	2933
3565	945		927	195	2443	2638
3567	379		372	73	3122	3195
3570	989		961	197	2412	2609
3572	470		455	90	3027	3117
3574	551		566	119	2889	3008
3575	192		188	37	3350	3387
3576	855		858	186	2532	2718
3578	874		872	190	2516	2706
3588	329		301	66	3221	3287
3588	622		633	137	2818	2955
3594	802		802	170	2622	2792
3595	221		213	44	3338	3382
3598	60		55	11	3532	3543
3599	150		140	23	3436	3459
3600	351		345	70	3185	3255
3603	725		723	156	2724	2880
3604	730		726	156	2722	2878
3606	737		731	159	2716	2875
3609	35		46	5	3558	3563
3621	108		99	19	3503	3522
3624	252		239	51	3334	3385
3625	585		599	128	2898	3026
3626	303		293	59	3274	3333
3627	900		896	193	2538	2731
3627	358		353	71	3203	3274
3628	595		608	131	2889	3020
3630	911		907	192	2531	2723
3630	912		907	193	2530	2723
3633	935		922	196	2515	2711
3636	517		534	112	2990	3102
3637	652		653	141	2843	2984
3639	475		458	92	3089	3181
3639	472		458	91	3090	3181
3641	673		692	142	2807	2949
3641	478		474	91	3076	3167
3641	674		692	142	2807	2949
3642	415		405	77	3160	3237
3643	564		577	124	2942	3066
3643	416		412	77	3154	3231
3643	694		701	146	2796	2942
3644	864		866	188	2590	2778
3645	875		872	191	2582	2773
3647	583		599	127	2921	3048
3647	886		880	192	2575	2767
3649	898		896	192	2561	2753
3650	309		295	61	3294	3355
3653	928		920	194	2539	2733
3655	267		251	53	3351	3404
3657	661		659	141	2857	2998
3657	806		803	171	2683	2854
3657	523		542	113	3002	3115
3657	665		659	142	2856	2998
3658	98		89	16	3553	3569
3658	548		563	117	2978	3095
3661	884		877	193	2591	2784
3662	586		600	128	2934	3062
3663	593		608	130	2925	3055
3667	943		927	535	2205	2740
3670	519		534	113	3023	3136
3670	643		650	138	2882	3020
3671	798		792	166	2713	2879
3671	653		653	141	2877	3018
3671	655		653	141	2877	3018
3673	823		821	175	2677	2852
3674	684		697	145	2832	2977
3674	412		405	76	3193	3269
3677	166		168	30	3479	3509
3679	908		905	192	2582	2774
3680	441		431	82	3167	3249
3680	763		756	156	2768	2924
3680	919		912	195	2573	2768
3680	315		296	62	3322	3384
3682	374		369	72	3241	3313
3683	459		444	85	3154	3239
3684	793		788	165	2731	2896
3685	999		971	198	2516	2714
3686	413		405	76	3205	3281
3689	505		506	99	3084	3183
3693	633		642	138	2913	3051
3694	656		657	139	2898	3037
3695	536		546	118	3031	3149
3696	713		709	153	2834	2987
3700	768		757	157	2786	2943
3700	613		624	135	2941	3076
3705	296		287	58	3360	3418
3706	577		596	125	2985	3110
3708	930		920	195	2593	2788
3708	927		920	194	2594	2788
3710	979		948	196	2566	2762
3716	452		433	84	3199	3283
3720	298		287	58	3375	3433
3721	727		726	155	2840	2995
3723	324		299	65	3359	3424
3724	626		640	135	2949	3084
3724	956		933	196	2595	2791
3727	822		821	175	2731	2906
3729	601		611	132	2986	3118
3730	511		521	105	3104	3209
3735	432		427	80	3228	3308
3737	389		375	75	3287	3362
3737	991		964	198	2575	2773
3738	482		483	93	3162	3255
3738	816		806	173	2759	2932
3738	550		563	118	3057	3175
3740	306		295	60	3385	3445
3741	636		645	139	2957	3096
3742	572		595	124	3023	3147
3743	944		927	195	2621	2816
3744	815		805	172	2767	2939
3747	972		944	195	2608	2803
3748	873		872	190	2686	2876
3748	854		858	186	2704	2890
3749	984		954	196	2599	2795
3749	783		775	165	2809	2974
3749	971		944	195	2610	2805
3750	893		892	191	2667	2858
3751	242		225	48	3478	3526
3752	915		907	193	2652	2845
3752	508		507	100	3145	3245
3754	901		898	529	2327	2856

Battle Result: Tie!
Battle went on for 3755 timesteps!

Earth Army Stats: 
Total units (ES, ET, EG): 632, 158, 194
% of destructed units relative to total: (ES, ET, EG) 100%, 100%, 50% 
% of total destructed units relative to total: 90.1423%
% of total successfully healed units relative to total: 1.11789%
% of total infected Earth Soldiers relative to total: 42.4051% 
Average Df, Dd, Db: 98.5231, 1630.45, 1728.98
Df/Db %: 5.69835%
Dd/Db %: 94.3017%

Alien Army Stats: 
Total units (AS, AM, AD): 738, 177, 85
% of destructed units relative to total: (AS, AM, AD) 5.01355%, 100%, 100%  
% of total destructed units relative to total: 29.9%
Average Df, Dd, Db: 5.45151, 416.535, 421.987
Df/Db %: 1.29187%
Dd/Db %: 98.7081%
